1566957696.66,-34.803706,138.630686,-82,-34.8037049,138.6306857,3.0,0.0
1566957696.66,-34.803706,138.630686,-247,-34.8037049,138.6306857,3.0,0.0
1566957696.7,-34.803706,138.630686,24,-34.8037049,138.6306857,3.0,0.0
1566957696.75,-34.803706,138.630686,-142,-34.8037049,138.6306857,3.0,0.0
1566957696.81,-34.803706,138.630686,-274,-34.8037049,138.6306857,3.0,0.0
1566957696.87,-34.803706,138.630686,-159,-34.8037049,138.6306857,3.0,0.0
1566957696.92,-34.803706,138.630686,-291,-34.8037049,138.6306857,3.0,0.0
1566957696.98,-34.803706,138.630686,-164,-34.8037049,138.6306857,3.0,0.0
1566957697.03,-34.803706,138.630686,-93,-34.8037049,138.6306857,3.0,0.0
1566957697.09,-34.803706,138.630686,-280,-34.8037049,138.6306857,3.0,0.0
1566957697.15,-34.803706,138.630686,-54,-34.8037049,138.6306857,3.0,0.0
1566957697.2,-34.803706,138.630686,32,-34.8037049,138.6306857,3.0,0.0
1566957697.25,-34.803706,138.630686,-54,-34.8037049,138.6306857,3.0,0.0
1566957697.3,-34.803706,138.630686,-82,-34.8037049,138.6306857,3.0,0.0
1566957697.35,-34.803706,138.630686,-186,-34.8037049,138.6306857,3.0,0.0
1566957697.37,-34.803706,138.630686,19,-34.8037049,138.6306857,3.0,0.0
1566957697.42,-34.803706,138.630686,-142,-34.8037049,138.6306857,3.0,0.0
1566957697.46,-34.803706,138.630686,-137,-34.8037049,138.6306857,3.0,0.0
1566957697.52,-34.803706,138.630686,-186,-34.8037049,138.6306857,3.0,0.0
1566957697.57,-34.803706,138.630686,-76,-34.8037049,138.6306857,3.0,0.0
1566957697.63,-34.803706,138.630686,-318,-34.8037049,138.6306857,3.0,0.0
1566957697.68,-34.803706,138.630686,63,-34.8037049,138.6306857,3.0,0.0
1566957697.73,-34.803706,138.630686,38,-34.8037049,138.6306857,3.0,0.0
1566957697.76,-34.803706,138.630686,-159,-34.8037049,138.6306857,3.0,0.0
1566957697.83,-34.803706,138.630686,221,-34.8037049,138.6306857,3.0,0.0
1566957697.89,-34.803706,138.630686,157,-34.8037049,138.6306857,3.0,0.0
1566957697.94,-34.803706,138.630686,113,-34.8037049,138.6306857,3.0,0.0
1566957698.0,-34.803706,138.630686,-38,-34.8037049,138.6306857,3.0,0.0
1566957698.06,-34.803706,138.630686,-27,-34.8037049,138.6306857,3.0,0.0
1566957698.1,-34.803706,138.630686,19,-34.8037049,138.6306857,3.0,0.0
1566957698.16,-34.803706,138.630686,163,-34.8037049,138.6306857,3.0,0.0
1566957698.22,-34.803706,138.630686,-71,-34.8037049,138.6306857,3.0,0.0
1566957698.27,-34.803706,138.630686,-171,-34.8037049,138.6306857,3.0,0.0
1566957698.33,-34.803706,138.630686,201,-34.8037049,138.6306857,3.0,0.0
1566957698.38,-34.803706,138.630686,-160,-34.8037049,138.6306857,3.0,0.0
1566957698.43,-34.803706,138.630686,69,-34.8037049,138.6306857,3.0,0.0
1566957698.49,-34.803706,138.630686,99,-34.8037049,138.6306857,3.0,0.0
1566957698.54,-34.803706,138.630686,151,-34.8037049,138.6306857,3.0,0.0
1566957698.59,-34.803706,138.630686,-38,-34.8037049,138.6306857,3.0,0.0
1566957698.65,-34.803706,138.630686,143,-34.8037049,138.6306857,3.0,0.0
1566957698.71,-34.803706,138.630686,5,-34.8037049,138.6306857,3.0,0.0
1566957698.76,-34.803706,138.630686,-105,-34.8037049,138.6306857,3.0,0.0
1566957698.81,-34.803706,138.630686,118,-34.8037049,138.6306857,3.0,0.0
1566957698.85,-34.803706,138.630686,-27,-34.8037049,138.6306857,3.0,0.0
1566957698.91,-34.803706,138.630686,35,-34.8037049,138.6306857,3.0,0.0
1566957698.95,-34.803706,138.630686,19,-34.8037049,138.6306857,3.0,0.0
1566957698.99,-34.803706,138.630686,-99,-34.8037049,138.6306857,3.0,0.0
1566957699.05,-34.803706,138.630686,38,-34.8037049,138.6306857,3.0,0.0
1566957699.11,-34.803706,138.630686,-110,-34.8037049,138.6306857,3.0,0.0
1566957699.16,-34.803706,138.630686,-22,-34.8037049,138.6306857,3.0,0.0
1566957699.21,-34.803706,138.630686,80,-34.8037049,138.6306857,3.0,0.0
1566957699.25,-34.803706,138.630686,-72,-34.8037049,138.6306857,3.0,0.0
1566957699.31,-34.803706,138.630686,144,-34.8037049,138.6306857,3.0,0.0
1566957699.36,-34.803706,138.630686,-22,-34.8037049,138.6306857,3.0,0.0
1566957699.41,-34.803706,138.630686,11,-34.8037049,138.6306857,3.0,0.0
1566957699.47,-34.803706,138.630686,144,-34.8037049,138.6306857,3.0,0.0
