1566957798.4,-34.803706,138.630686,38,-34.8037049,138.6306857,3.0,1.81931572135
1566957798.45,-34.803706,138.630686,-110,-34.8037049,138.6306857,3.0,-21.2474972042
1566957798.49,-34.803706,138.630686,-22,-34.8037049,138.6306857,3.0,-28.2371806955
1566957798.54,-34.803706,138.630686,80,-34.8037049,138.6306857,3.0,-28.2371806955
1566957798.6,-34.803706,138.630686,-72,-34.8037049,138.6306857,3.0,-28.2371806955
1566957798.66,-34.803706,138.630686,144,-34.8037049,138.6306857,3.0,-28.2371806955
1566957798.69,-34.803706,138.630686,-22,-34.8037049,138.6306857,3.0,-28.2371806955
1566957798.75,-34.803706,138.630686,11,-34.8037049,138.6306857,3.0,-28.2371806955
1566957798.8,-34.803706,138.630686,144,-34.8037049,138.6306857,3.0,-28.2371806955
1566957798.86,-34.803706,138.630686,-155,-34.8037049,138.6306857,3.0,-28.2371806955
1566957798.91,-34.803706,138.630686,-66,-34.8037049,138.6306857,3.0,-23.4659736571
1566957798.97,-34.803706,138.630686,113,-34.8037049,138.6306857,3.0,-23.4659736571
1566957799.03,-34.803706,138.630686,-116,-34.8037049,138.6306857,3.0,-23.4659736571
1566957799.09,-34.803706,138.630686,144,-34.8037049,138.6306857,3.0,-23.4659736571
1566957799.14,-34.803706,138.630686,41,-34.8037049,138.6306857,3.0,-23.4659736571
1566957799.2,-34.803706,138.630686,-44,-34.8037049,138.6306857,3.0,-23.4659736571
1566957799.24,-34.803706,138.630686,61,-34.8037049,138.6306857,3.0,-23.4659736571
1566957799.31,-34.803706,138.630686,69,-34.8037049,138.6306857,3.0,-23.4659736571
1566957799.36,-34.803706,138.630686,149,-34.8037049,138.6306857,3.0,-23.4659736571
1566957799.41,-34.803706,138.630686,-183,-34.8037049,138.6306857,3.0,-1.87599534276
1566957799.47,-34.803706,138.630686,188,-34.8037049,138.6306857,3.0,-1.87599534276
1566957799.53,-34.803706,138.630686,199,-34.8037049,138.6306857,3.0,1.67166024384
1566957799.58,-34.803706,138.630686,-133,-34.8037049,138.6306857,3.0,1.67550108713
1566957799.63,-34.803706,138.630686,-110,-34.8037049,138.6306857,3.0,-21.2474972042
1566957799.67,-34.803706,138.630686,-77,-34.8037049,138.6306857,3.0,-21.2474972042
1566957799.73,-34.803706,138.630686,83,-34.8037049,138.6306857,3.0,-6.49486422196
1566957799.78,-34.803706,138.630686,19,-34.8037049,138.6306857,3.0,0.0284154921754
1566957799.84,-34.803706,138.630686,211,-34.8037049,138.6306857,3.0,0.0284154921754
1566957799.88,-34.803706,138.630686,30,-34.8037049,138.6306857,3.0,0.0284154921754
1566957799.92,-34.803706,138.630686,-128,-34.8037049,138.6306857,3.0,1.43999455356
1566957799.97,-34.803706,138.630686,38,-34.8037049,138.6306857,3.0,1.81931572135
1566957800.03,-34.803706,138.630686,77,-34.8037049,138.6306857,3.0,1.86267403221
1566957800.08,-34.803706,138.630686,-33,-34.8037049,138.6306857,3.0,1.86267403221
1566957800.14,-34.803706,138.630686,-89,-34.8037049,138.6306857,3.0,1.67803903912
1566957800.19,-34.803706,138.630686,-11,-34.8037049,138.6306857,3.0,1.86269891852
1566957800.23,-34.803706,138.630686,261,-34.8037049,138.6306857,3.0,1.86269891852
1566957800.27,-34.803706,138.630686,-77,-34.8037049,138.6306857,3.0,1.86269891852
1566957800.33,-34.803706,138.630686,208,-34.8037049,138.6306857,3.0,-3.77797606013
1566957800.38,-34.803706,138.630686,-122,-34.8037049,138.6306857,3.0,-3.77797606013
1566957800.44,-34.803706,138.630686,203,-34.8037049,138.6306857,3.0,-6.8862803371
1566957800.49,-34.803706,138.630686,-44,-34.8037049,138.6306857,3.0,-6.8862803371
1566957800.55,-34.803706,138.630686,75,-34.8037049,138.6306857,3.0,-6.8862803371
1566957800.6,-34.803706,138.630686,11,-34.8037049,138.6306857,3.0,-6.8862803371
1566957800.66,-34.803706,138.630686,267,-34.8037049,138.6306857,3.0,-0.0359747390996
1566957800.7,-34.803706,138.630686,94,-34.8037049,138.6306857,3.0,-0.0359747390996
1566957800.75,-34.803706,138.630686,139,-34.8037049,138.6306857,3.0,-0.0359747390996
1566957800.8,-34.803706,138.630686,-105,-34.8037049,138.6306857,3.0,-6.4661953405
1566957800.85,-34.803706,138.630686,-55,-34.8037049,138.6306857,3.0,1.86268647538
1566957800.9,-34.803706,138.630686,-105,-34.8037049,138.6306857,3.0,-6.4661953405
1566957800.95,-34.803706,138.630686,248,-34.8037049,138.6306857,3.0,1.8111198445
1566957801.0,-34.803706,138.630686,-16,-34.8037049,138.6306857,3.0,1.81871069143
1566957801.06,-34.803706,138.630686,312,-34.8037049,138.6306857,3.0,1.47834282423
1566957801.11,-34.803706,138.630686,103,-34.8037049,138.6306857,3.0,1.47834282423
1566957801.17,-34.803706,138.630686,318,-34.8037049,138.6306857,3.0,1.47834282423
1566957801.21,-34.803706,138.630686,248,-34.8037049,138.6306857,3.0,1.8111198445
1566957801.27,-34.803706,138.630686,326,-34.8037049,138.6306857,3.0,1.42208236822
1566957801.32,-34.803706,138.630686,-5,-34.8037049,138.6306857,3.0,-6.61151290671
1566957801.38,-34.803706,138.630686,153,-34.8037049,138.6306857,3.0,-6.61151290671
1566957801.43,-34.803706,138.630686,187,-34.8037049,138.6306857,3.0,-6.61151290671
1566957801.48,-34.803706,138.630686,198,-34.8037049,138.6306857,3.0,-6.61151290671
1566957801.53,-34.803706,138.630686,64,-34.8037049,138.6306857,3.0,-6.61151290671
1566957801.59,-34.803706,138.630686,167,-34.8037049,138.6306857,3.0,-6.61151290671
1566957801.64,-34.803706,138.630686,139,-34.8037049,138.6306857,3.0,-6.61151290671
1566957801.7,-34.803706,138.630686,19,-34.8037049,138.6306857,3.0,0.0284154921754
1566957801.74,-34.803706,138.630686,83,-34.8037049,138.6306857,3.0,-6.49486422196
1566957801.8,-34.803706,138.630686,120,-34.8037049,138.6306857,3.0,-3.71855947101
