1566957537.0,-34.803706,138.630686,221,-34.8037049,138.6306857,3.0,0.0
1566957537.05,-34.803706,138.630686,157,-34.8037049,138.6306857,3.0,0.0
1566957537.1,-34.803706,138.630686,113,-34.8037049,138.6306857,3.0,0.0
1566957537.15,-34.803706,138.630686,-38,-34.8037049,138.6306857,3.0,0.0
1566957537.21,-34.803706,138.630686,-27,-34.8037049,138.6306857,3.0,0.0
1566957537.26,-34.803706,138.630686,19,-34.8037049,138.6306857,3.0,0.0284154921754
1566957537.32,-34.803706,138.630686,163,-34.8037049,138.6306857,3.0,0.0284154921754
1566957537.37,-34.803706,138.630686,-71,-34.8037049,138.6306857,3.0,0.0284154921754
1566957537.43,-34.803706,138.630686,-171,-34.8037049,138.6306857,3.0,0.0284154921754
1566957537.48,-34.803706,138.630686,201,-34.8037049,138.6306857,3.0,0.0284154921754
1566957537.54,-34.803706,138.630686,-160,-34.8037049,138.6306857,3.0,0.0284154921754
1566957537.58,-34.803706,138.630686,69,-34.8037049,138.6306857,3.0,0.0284154921754
1566957537.65,-34.803706,138.630686,99,-34.8037049,138.6306857,3.0,0.0284154921754
1566957537.7,-34.803706,138.630686,151,-34.8037049,138.6306857,3.0,0.0575808887026
1566957537.76,-34.803706,138.630686,-38,-34.8037049,138.6306857,3.0,0.0575808887026
1566957537.81,-34.803706,138.630686,143,-34.8037049,138.6306857,3.0,0.0575808887026
1566957537.87,-34.803706,138.630686,5,-34.8037049,138.6306857,3.0,0.0575808887026
1566957537.91,-34.803706,138.630686,-105,-34.8037049,138.6306857,3.0,-6.4661953405
1566957537.96,-34.803706,138.630686,118,-34.8037049,138.6306857,3.0,-6.4661953405
1566957538.01,-34.803706,138.630686,-27,-34.8037049,138.6306857,3.0,-6.4661953405
1566957538.06,-34.803706,138.630686,35,-34.8037049,138.6306857,3.0,-6.4661953405
1566957538.12,-34.803706,138.630686,19,-34.8037049,138.6306857,3.0,0.0284154921754
1566957538.17,-34.803706,138.630686,-99,-34.8037049,138.6306857,3.0,1.86265744128
1566957538.21,-34.803706,138.630686,38,-34.8037049,138.6306857,3.0,1.81931572135
1566957538.25,-34.803706,138.630686,-110,-34.8037049,138.6306857,3.0,-21.2474972042
1566957538.29,-34.803706,138.630686,-22,-34.8037049,138.6306857,3.0,-28.2371806955
1566957538.35,-34.803706,138.630686,80,-34.8037049,138.6306857,3.0,-28.2371806955
1566957538.41,-34.803706,138.630686,-72,-34.8037049,138.6306857,3.0,-28.2371806955
1566957538.46,-34.803706,138.630686,144,-34.8037049,138.6306857,3.0,-28.2371806955
1566957538.5,-34.803706,138.630686,-22,-34.8037049,138.6306857,3.0,-28.2371806955
1566957538.56,-34.803706,138.630686,11,-34.8037049,138.6306857,3.0,-28.2371806955
1566957538.61,-34.803706,138.630686,144,-34.8037049,138.6306857,3.0,-28.2371806955
1566957538.67,-34.803706,138.630686,-155,-34.8037049,138.6306857,3.0,-28.2371806955
1566957538.72,-34.803706,138.630686,-66,-34.8037049,138.6306857,3.0,-23.4659736571
1566957538.78,-34.803706,138.630686,113,-34.8037049,138.6306857,3.0,-23.4659736571
1566957538.83,-34.803706,138.630686,-116,-34.8037049,138.6306857,3.0,-23.4659736571
1566957538.88,-34.803706,138.630686,144,-34.8037049,138.6306857,3.0,-23.4659736571
1566957538.92,-34.803706,138.630686,41,-34.8037049,138.6306857,3.0,-23.4659736571
1566957538.99,-34.803706,138.630686,-44,-34.8037049,138.6306857,3.0,-23.4659736571
1566957539.03,-34.803706,138.630686,61,-34.8037049,138.6306857,3.0,-23.4659736571
1566957539.09,-34.803706,138.630686,69,-34.8037049,138.6306857,3.0,-23.4659736571
1566957539.14,-34.803706,138.630686,149,-34.8037049,138.6306857,3.0,-23.4659736571
1566957539.19,-34.803706,138.630686,-183,-34.8037049,138.6306857,3.0,-1.87599534276
1566957539.23,-34.803706,138.630686,188,-34.8037049,138.6306857,3.0,-1.87599534276
1566957539.29,-34.803706,138.630686,199,-34.8037049,138.6306857,3.0,1.67166024384
1566957539.34,-34.803706,138.630686,-133,-34.8037049,138.6306857,3.0,1.67550108713
1566957539.4,-34.803706,138.630686,-110,-34.8037049,138.6306857,3.0,-21.2474972042
1566957539.45,-34.803706,138.630686,-77,-34.8037049,138.6306857,3.0,-21.2474972042
1566957539.49,-34.803706,138.630686,83,-34.8037049,138.6306857,3.0,-6.49486422196
1566957539.54,-34.803706,138.630686,19,-34.8037049,138.6306857,3.0,0.0284154921754
1566957539.59,-34.803706,138.630686,211,-34.8037049,138.6306857,3.0,0.0284154921754
1566957539.63,-34.803706,138.630686,30,-34.8037049,138.6306857,3.0,0.0284154921754
1566957539.69,-34.803706,138.630686,-128,-34.8037049,138.6306857,3.0,1.43999455356
1566957539.74,-34.803706,138.630686,38,-34.8037049,138.6306857,3.0,1.81931572135
1566957539.8,-34.803706,138.630686,77,-34.8037049,138.6306857,3.0,1.86267403221
1566957539.85,-34.803706,138.630686,-33,-34.8037049,138.6306857,3.0,1.86267403221
1566957539.91,-34.803706,138.630686,-89,-34.8037049,138.6306857,3.0,1.67803903912
1566957539.96,-34.803706,138.630686,-11,-34.8037049,138.6306857,3.0,1.86269891852
1566957540.02,-34.803706,138.630686,261,-34.8037049,138.6306857,3.0,1.86269891852
1566957540.08,-34.803706,138.630686,-77,-34.8037049,138.6306857,3.0,1.86269891852
1566957540.13,-34.803706,138.630686,208,-34.8037049,138.6306857,3.0,-3.77797606013
1566957540.17,-34.803706,138.630686,-122,-34.8037049,138.6306857,3.0,-3.77797606013
1566957540.23,-34.803706,138.630686,203,-34.8037049,138.6306857,3.0,-6.8862803371
1566957540.26,-34.803706,138.630686,-44,-34.8037049,138.6306857,3.0,-6.8862803371
1566957540.32,-34.803706,138.630686,75,-34.8037049,138.6306857,3.0,-6.8862803371
1566957540.38,-34.803706,138.630686,11,-34.8037049,138.6306857,3.0,-6.8862803371
1566957540.43,-34.803706,138.630686,267,-34.8037049,138.6306857,3.0,-0.0359747390996
1566957540.46,-34.803706,138.630686,94,-34.8037049,138.6306857,3.0,-0.0359747390996
1566957540.5,-34.803706,138.630686,139,-34.8037049,138.6306857,3.0,-0.0359747390996
1566957540.56,-34.803706,138.630686,-105,-34.8037049,138.6306857,3.0,-6.4661953405
1566957540.61,-34.803706,138.630686,-55,-34.8037049,138.6306857,3.0,1.86268647538
1566957540.66,-34.803706,138.630686,-105,-34.8037049,138.6306857,3.0,-6.4661953405
1566957540.72,-34.803706,138.630686,248,-34.8037049,138.6306857,3.0,1.8111198445
1566957540.77,-34.803706,138.630686,-16,-34.8037049,138.6306857,3.0,1.81871069143
1566957540.83,-34.803706,138.630686,312,-34.8037049,138.6306857,3.0,1.47834282423
1566957540.88,-34.803706,138.630686,103,-34.8037049,138.6306857,3.0,1.47834282423
1566957540.94,-34.803706,138.630686,318,-34.8037049,138.6306857,3.0,1.47834282423
1566957540.99,-34.803706,138.630686,248,-34.8037049,138.6306857,3.0,1.8111198445
1566957541.05,-34.803706,138.630686,326,-34.8037049,138.6306857,3.0,1.42208236822
1566957541.1,-34.803706,138.630686,-5,-34.8037049,138.6306857,3.0,-6.61151290671
1566957541.16,-34.803706,138.630686,153,-34.8037049,138.6306857,3.0,-6.61151290671
1566957541.21,-34.803706,138.630686,187,-34.8037049,138.6306857,3.0,-6.61151290671
1566957541.27,-34.803706,138.630686,198,-34.8037049,138.6306857,3.0,-6.61151290671
1566957541.32,-34.803706,138.630686,64,-34.8037049,138.6306857,3.0,-6.61151290671
1566957541.38,-34.803706,138.630686,167,-34.8037049,138.6306857,3.0,-6.61151290671
1566957541.43,-34.803706,138.630686,139,-34.8037049,138.6306857,3.0,-6.61151290671
1566957541.48,-34.803706,138.630686,19,-34.8037049,138.6306857,3.0,0.0284154921754
1566957541.52,-34.803706,138.630686,83,-34.8037049,138.6306857,3.0,-6.49486422196
