1566957405.16,-34.803706,138.630686,-93,-34.8037049,138.6306857,3.0,0.0
1566957405.21,-34.803706,138.630686,-280,-34.8037049,138.6306857,3.0,0.0
1566957405.26,-34.803706,138.630686,-54,-34.8037049,138.6306857,3.0,0.0
1566957405.29,-34.803706,138.630686,32,-34.8037049,138.6306857,3.0,0.0
1566957405.34,-34.803706,138.630686,-54,-34.8037049,138.6306857,3.0,0.0
1566957405.39,-34.803706,138.630686,-82,-34.8037049,138.6306857,3.0,0.0
1566957405.44,-34.803706,138.630686,-186,-34.8037049,138.6306857,3.0,0.0
1566957405.48,-34.803706,138.630686,19,-34.8037049,138.6306857,3.0,0.0
1566957405.53,-34.803706,138.630686,-142,-34.8037049,138.6306857,3.0,0.0
1566957405.59,-34.803706,138.630686,-137,-34.8037049,138.6306857,3.0,0.0
1566957405.65,-34.803706,138.630686,-186,-34.8037049,138.6306857,3.0,0.0
1566957405.69,-34.803706,138.630686,-76,-34.8037049,138.6306857,3.0,0.0
1566957405.75,-34.803706,138.630686,-318,-34.8037049,138.6306857,3.0,0.0
1566957405.79,-34.803706,138.630686,63,-34.8037049,138.6306857,3.0,0.0
1566957405.83,-34.803706,138.630686,38,-34.8037049,138.6306857,3.0,0.0
1566957405.87,-34.803706,138.630686,-159,-34.8037049,138.6306857,3.0,0.0
1566957405.93,-34.803706,138.630686,221,-34.8037049,138.6306857,3.0,0.0
1566957405.98,-34.803706,138.630686,157,-34.8037049,138.6306857,3.0,0.0
1566957406.04,-34.803706,138.630686,113,-34.8037049,138.6306857,3.0,0.0
1566957406.08,-34.803706,138.630686,-38,-34.8037049,138.6306857,3.0,0.0
1566957406.13,-34.803706,138.630686,-27,-34.8037049,138.6306857,3.0,0.0
1566957406.19,-34.803706,138.630686,19,-34.8037049,138.6306857,3.0,0.0
1566957406.24,-34.803706,138.630686,163,-34.8037049,138.6306857,3.0,0.0
1566957406.28,-34.803706,138.630686,-71,-34.8037049,138.6306857,3.0,0.0
1566957406.34,-34.803706,138.630686,-171,-34.8037049,138.6306857,3.0,0.0
1566957406.4,-34.803706,138.630686,201,-34.8037049,138.6306857,3.0,0.0
1566957406.45,-34.803706,138.630686,-160,-34.8037049,138.6306857,3.0,0.0
1566957406.51,-34.803706,138.630686,69,-34.8037049,138.6306857,3.0,0.0
1566957406.57,-34.803706,138.630686,99,-34.8037049,138.6306857,3.0,0.0
1566957406.62,-34.803706,138.630686,151,-34.8037049,138.6306857,3.0,0.0
1566957406.68,-34.803706,138.630686,-38,-34.8037049,138.6306857,3.0,0.0
1566957406.73,-34.803706,138.630686,143,-34.8037049,138.6306857,3.0,0.0
