1566958126.11,-34.7702191,138.64047,100152,-34.8037049,138.6306857,3.0,-89.7335150652
1566958126.16,-34.7702342,138.6404925,99945,-34.8037049,138.6306857,3.0,-89.8330969122
1566958126.21,-34.7702507,138.6405167,99732,-34.8037049,138.6306857,3.0,-91.8800621935
1566958126.26,-34.7702658,138.640539,99676,-34.8037049,138.6306857,3.0,-88.5544895215
1566958126.32,-34.7702821,138.6405632,99561,-34.8037049,138.6306857,3.0,-90.9604093273
1566958126.35,-34.7702975,138.6405857,99376,-34.8037049,138.6306857,3.0,-90.6852786968
1566958126.41,-34.7703139,138.6406101,99401,-34.8037049,138.6306857,3.0,-87.9562150033
1566958126.47,-34.7703297,138.6406327,99280,-34.8037049,138.6306857,3.0,-87.8532741663
1566958126.52,-34.7703468,138.640657,99036,-34.8037049,138.6306857,3.0,-91.3530475844
1566958126.56,-34.7703626,138.6406793,99174,-34.8037049,138.6306857,3.0,-88.4399809096
1566958126.61,-34.7703797,138.6407035,99205,-34.8037049,138.6306857,3.0,-97.9546324115
1566958126.66,-34.7703955,138.6407256,99286,-34.8037049,138.6306857,3.0,-88.9836346558
1566958126.72,-34.7704121,138.6407494,99020,-34.8037049,138.6306857,3.0,-88.584887876
1566958126.78,-34.7704272,138.6407712,99073,-34.8037049,138.6306857,3.0,-90.8091511604
1566958126.81,-34.7704443,138.6407946,98964,-34.8037049,138.6306857,3.0,-87.9333649367
1566958126.86,-34.7704601,138.6408162,99196,-34.8037049,138.6306857,3.0,-87.939531353
1566958126.91,-34.7704765,138.6408395,98902,-34.8037049,138.6306857,3.0,-88.3123816848
1566958126.97,-34.7704917,138.6408607,99151,-34.8037049,138.6306857,3.0,-107.474479895
1566958127.02,-34.7705081,138.6408834,99011,-34.8037049,138.6306857,3.0,-87.8185637093
1566958127.08,-34.7705238,138.6409043,99034,-34.8037049,138.6306857,3.0,-91.5930908011
1566958127.12,-34.7705402,138.6409268,99300,-34.8037049,138.6306857,3.0,-88.1084684349
1566958127.16,-34.7705553,138.6409473,99479,-34.8037049,138.6306857,3.0,-88.6379194135
1566958127.2,-34.7705718,138.6409693,99440,-34.8037049,138.6306857,3.0,-91.176742636
1566958127.24,-34.770587,138.6409895,99420,-34.8037049,138.6306857,3.0,-87.782611407
1566958127.28,-34.7706034,138.6410111,99547,-34.8037049,138.6306857,3.0,-94.9046048923
1566958127.33,-34.7706186,138.641031,99392,-34.8037049,138.6306857,3.0,-89.2982510017
1566958127.37,-34.770635,138.6410522,99734,-34.8037049,138.6306857,3.0,-97.2674737118
1566958127.41,-34.7706501,138.6410717,99810,-34.8037049,138.6306857,3.0,-88.9759205748
1566958127.45,-34.7706666,138.6410926,99841,-34.8037049,138.6306857,3.0,-93.3526169738
1566958127.5,-34.7706817,138.6411118,99973,-34.8037049,138.6306857,3.0,-87.878748172
1566958127.56,-34.7706981,138.6411322,99875,-34.8037049,138.6306857,3.0,-98.4266670517
1566958127.61,-34.7707133,138.6411511,99647,-34.8037049,138.6306857,3.0,-88.2244584355
1566958127.67,-34.7707298,138.6411713,99771,-34.8037049,138.6306857,3.0,-91.3947617647
1566958127.73,-34.7707448,138.6411898,99793,-34.8037049,138.6306857,3.0,-87.868652638
1566958127.78,-34.7707614,138.6412096,99956,-34.8037049,138.6306857,3.0,-110.799768
1566958127.84,-34.7707764,138.6412278,100029,-34.8037049,138.6306857,3.0,-88.4977031211
1566958127.88,-34.7707928,138.6412474,100166,-34.8037049,138.6306857,3.0,-89.609608839
1566958127.95,-34.770808,138.6412652,100045,-34.8037049,138.6306857,3.0,-90.3398278605
1566958128.0,-34.7708244,138.6412844,100121,-34.8037049,138.6306857,3.0,-92.5107376778
1566958128.05,-34.7708396,138.6413021,100236,-34.8037049,138.6306857,3.0,-93.0895994539
1566958128.1,-34.7708564,138.6413212,100306,-34.8037049,138.6306857,3.0,-88.2775848117
1566958128.16,-34.7708722,138.6413385,100015,-34.8037049,138.6306857,3.0,-90.0343526825
1566958128.22,-34.7708893,138.6413571,100152,-34.8037049,138.6306857,3.0,-89.9119357755
1566958128.28,-34.7709051,138.6413743,100415,-34.8037049,138.6306857,3.0,-87.7897589663
1566958128.32,-34.7709222,138.6413926,100090,-34.8037049,138.6306857,3.0,-101.533947901
1566958128.39,-34.770938,138.6414096,100415,-34.8037049,138.6306857,3.0,-92.6839434387
1566958128.44,-34.7709553,138.6414276,100505,-34.8037049,138.6306857,3.0,-95.4471396495
1566958128.5,-34.7709713,138.6414443,100186,-34.8037049,138.6306857,3.0,-88.2210485614
1566958128.56,-34.7709891,138.6414625,100275,-34.8037049,138.6306857,3.0,-87.849296419
1566958128.61,-34.7710055,138.641479,100301,-34.8037049,138.6306857,3.0,-122.082326688
1566958128.68,-34.7710232,138.6414965,100359,-34.8037049,138.6306857,3.0,-91.0807952755
1566958128.73,-34.7710397,138.6415127,100278,-34.8037049,138.6306857,3.0,-91.6098387106
1566958128.8,-34.7710575,138.64153,100550,-34.8037049,138.6306857,3.0,-88.0962908914
1566958128.85,-34.771074,138.641546,100572,-34.8037049,138.6306857,3.0,-91.0574380078
1566958128.9,-34.7710918,138.641563,100533,-34.8037049,138.6306857,3.0,-91.85940524
1566958128.96,-34.7711083,138.6415788,100763,-34.8037049,138.6306857,3.0,-103.521641501
1566958129.02,-34.7711268,138.6415956,100373,-34.8037049,138.6306857,3.0,-100.360934251
1566958129.07,-34.7711439,138.6416112,100533,-34.8037049,138.6306857,3.0,-87.6796435563
1566958129.13,-34.7711624,138.6416279,100474,-34.8037049,138.6306857,3.0,-95.7724659665
1566958129.18,-34.7711794,138.641643,100847,-34.8037049,138.6306857,3.0,-88.5906939928
1566958129.24,-34.7711979,138.6416595,100603,-34.8037049,138.6306857,3.0,-115.535092641
1566958129.27,-34.771215,138.6416745,100679,-34.8037049,138.6306857,3.0,-88.7023841569
1566958129.34,-34.7712338,138.6416908,100550,-34.8037049,138.6306857,3.0,-88.9977003609
1566958129.38,-34.7712514,138.6417057,100724,-34.8037049,138.6306857,3.0,-88.5486760357
1566958129.43,-34.7712706,138.6417219,100550,-34.8037049,138.6306857,3.0,-88.6023376893
1566958129.47,-34.7712883,138.6417368,100631,-34.8037049,138.6306857,3.0,-87.6704200323
1566958129.53,-34.7713075,138.6417528,100844,-34.8037049,138.6306857,3.0,-87.7750569152
1566958129.58,-34.7713252,138.6417674,100867,-34.8037049,138.6306857,3.0,-101.481408034
1566958129.64,-34.7713443,138.641783,100909,-34.8037049,138.6306857,3.0,-103.103628932
1566958129.69,-34.7713619,138.6417974,100769,-34.8037049,138.6306857,3.0,-88.6914358149
1566958129.75,-34.7713812,138.6418128,101074,-34.8037049,138.6306857,3.0,-91.7513657297
1566958129.8,-34.7713994,138.6418268,101071,-34.8037049,138.6306857,3.0,-89.9188682032
1566958129.86,-34.7714191,138.6418421,100825,-34.8037049,138.6306857,3.0,-98.4369849868
1566958129.91,-34.7714376,138.6418562,101088,-34.8037049,138.6306857,3.0,-91.3141654456
1566958129.96,-34.7714574,138.6418712,101007,-34.8037049,138.6306857,3.0,-87.754975091
1566958130.01,-34.7714758,138.641885,100811,-34.8037049,138.6306857,3.0,-98.1679696113
1566958130.07,-34.7714956,138.6419,100948,-34.8037049,138.6306857,3.0,-92.6739290025
1566958130.11,-34.7715138,138.6419138,100844,-34.8037049,138.6306857,3.0,-91.3670334766
1566958130.17,-34.7715338,138.6419288,101133,-34.8037049,138.6306857,3.0,-88.1970661741
1566958130.22,-34.7715521,138.6419425,101046,-34.8037049,138.6306857,3.0,-88.1158302086
1566958130.26,-34.7715722,138.641957,100923,-34.8037049,138.6306857,3.0,-95.6459732133
1566958130.32,-34.7715913,138.6419704,101133,-34.8037049,138.6306857,3.0,-94.2289170449
1566958130.38,-34.7716118,138.6419851,100987,-34.8037049,138.6306857,3.0,-87.9508451712
1566958130.43,-34.7716307,138.6419986,101007,-34.8037049,138.6306857,3.0,-95.9958473814
1566958130.49,-34.7716512,138.6420131,101066,-34.8037049,138.6306857,3.0,-88.6924809121
1566958130.52,-34.7716702,138.6420265,101127,-34.8037049,138.6306857,3.0,-94.0058773112
1566958130.59,-34.7716908,138.642041,101136,-34.8037049,138.6306857,3.0,-87.6082467611
1566958130.62,-34.7717097,138.6420541,101153,-34.8037049,138.6306857,3.0,-122.582900384
1566958130.69,-34.7717303,138.6420683,100847,-34.8037049,138.6306857,3.0,-113.08441301
1566958130.72,-34.7717491,138.6420813,100757,-34.8037049,138.6306857,3.0,-110.02537627
1566958130.77,-34.7717698,138.6420954,100914,-34.8037049,138.6306857,3.0,-93.4402969873
1566958130.82,-34.7717887,138.6421086,100743,-34.8037049,138.6306857,3.0,-97.3219630632
1566958130.88,-34.7718093,138.6421227,101060,-34.8037049,138.6306857,3.0,-87.5328247346
1566958130.92,-34.7718282,138.6421359,101071,-34.8037049,138.6306857,3.0,-93.4245810994
1566958130.96,-34.7718488,138.6421499,100704,-34.8037049,138.6306857,3.0,-88.0027629048
1566958131.02,-34.7718677,138.6421631,100987,-34.8037049,138.6306857,3.0,-96.8352247367
1566958131.07,-34.7718883,138.6421772,100968,-34.8037049,138.6306857,3.0,-93.9064617749
1566958131.12,-34.7719072,138.6421904,100685,-34.8037049,138.6306857,3.0,-90.1350717352
1566958131.18,-34.7719278,138.6422045,100738,-34.8037049,138.6306857,3.0,-89.0604690706
1566958131.23,-34.7719467,138.6422175,100954,-34.8037049,138.6306857,3.0,-93.9791069528
1566958131.3,-34.7719673,138.6422318,101043,-34.8037049,138.6306857,3.0,-96.7735698801
1566958131.35,-34.7719862,138.6422448,100710,-34.8037049,138.6306857,3.0,-88.474359268
1566958131.41,-34.7720068,138.6422591,100811,-34.8037049,138.6306857,3.0,-98.0063826909
1566958131.46,-34.7720257,138.642272,101018,-34.8037049,138.6306857,3.0,-95.108868496
1566958131.52,-34.7720462,138.6422863,100998,-34.8037049,138.6306857,3.0,-87.6500168582
1566958131.56,-34.7720652,138.6422993,100847,-34.8037049,138.6306857,3.0,-98.6481986802
1566958131.62,-34.7720857,138.6423135,100643,-34.8037049,138.6306857,3.0,-87.6043941642
1566958131.66,-34.7721047,138.6423266,100542,-34.8037049,138.6306857,3.0,-94.6100781387
1566958131.73,-34.7721253,138.6423408,100898,-34.8037049,138.6306857,3.0,-89.9830768535
1566958131.77,-34.7721444,138.6423539,100799,-34.8037049,138.6306857,3.0,-87.4711533532
1566958131.83,-34.7721656,138.6423681,100836,-34.8037049,138.6306857,3.0,-87.7490674645
1566958131.88,-34.7721852,138.6423812,100704,-34.8037049,138.6306857,3.0,-87.7984910327
1566958131.93,-34.7722064,138.6423953,100704,-34.8037049,138.6306857,3.0,-92.5193351016
1566958131.97,-34.7722261,138.6424084,100732,-34.8037049,138.6306857,3.0,-87.9889158039
1566958132.03,-34.7722472,138.6424226,100550,-34.8037049,138.6306857,3.0,-87.4500653238
1566958132.08,-34.7722668,138.6424357,100474,-34.8037049,138.6306857,3.0,-93.8690011312
1566958132.13,-34.7722872,138.6424499,100749,-34.8037049,138.6306857,3.0,-87.4690090373
1566958132.19,-34.7723062,138.6424629,100780,-34.8037049,138.6306857,3.0,-88.3373309012
1566958132.24,-34.7723268,138.6424771,100640,-34.8037049,138.6306857,3.0,-91.4479246812
1566958132.27,-34.7723456,138.6424902,100654,-34.8037049,138.6306857,3.0,-88.1146343338
1566958132.34,-34.7723663,138.6425047,100401,-34.8037049,138.6306857,3.0,-91.9599358617
1566958132.39,-34.7723851,138.6425183,100407,-34.8037049,138.6306857,3.0,-121.138529279
1566958132.45,-34.7724057,138.6425328,100556,-34.8037049,138.6306857,3.0,-89.8119115513
1566958132.49,-34.7724247,138.6425463,100320,-34.8037049,138.6306857,3.0,-92.2399059035
1566958132.54,-34.7724453,138.6425609,100387,-34.8037049,138.6306857,3.0,-106.111096786
1566958132.6,-34.7724642,138.6425744,100570,-34.8037049,138.6306857,3.0,-87.8520389678
1566958132.65,-34.7724848,138.6425889,100525,-34.8037049,138.6306857,3.0,-87.3927607057
1566958132.7,-34.7725037,138.6426023,100306,-34.8037049,138.6306857,3.0,-88.2100398189
1566958132.75,-34.7725242,138.642617,100174,-34.8037049,138.6306857,3.0,-87.9985037418
1566958132.81,-34.7725432,138.6426305,100556,-34.8037049,138.6306857,3.0,-87.6547720256
1566958132.86,-34.7725637,138.642645,100180,-34.8037049,138.6306857,3.0,-91.1765628047
1566958132.91,-34.7725827,138.6426584,100197,-34.8037049,138.6306857,3.0,-89.9251092729
1566958132.97,-34.7726033,138.6426735,100387,-34.8037049,138.6306857,3.0,-109.404088158
1566958133.01,-34.7726222,138.6426873,100359,-34.8037049,138.6306857,3.0,-88.0056423861
1566958133.07,-34.7726427,138.6427023,100415,-34.8037049,138.6306857,3.0,-96.2278156206
1566958133.11,-34.7726617,138.6427162,100278,-34.8037049,138.6306857,3.0,-88.8985667264
1566958133.17,-34.7726822,138.6427311,100211,-34.8037049,138.6306857,3.0,-90.4761165737
1566958133.22,-34.7727012,138.642745,100301,-34.8037049,138.6306857,3.0,-87.3642647958
1566958133.26,-34.7727217,138.6427599,100065,-34.8037049,138.6306857,3.0,-118.605658679
1566958133.31,-34.7727406,138.6427737,100127,-34.8037049,138.6306857,3.0,-87.4474287311
1566958133.38,-34.7727612,138.6427889,100079,-34.8037049,138.6306857,3.0,-87.5220849481
1566958133.43,-34.7727802,138.6428027,99981,-34.8037049,138.6306857,3.0,-89.2849139999
1566958133.49,-34.7728007,138.6428177,99903,-34.8037049,138.6306857,3.0,-87.6362049742
1566958133.53,-34.7728196,138.6428316,100225,-34.8037049,138.6306857,3.0,-87.8614206114
1566958133.6,-34.77284,138.6428465,100026,-34.8037049,138.6306857,3.0,-90.8484444147
1566958133.63,-34.7728588,138.6428604,100211,-34.8037049,138.6306857,3.0,-89.55872754
1566958133.69,-34.7728786,138.6428753,99905,-34.8037049,138.6306857,3.0,-105.368222393
1566958133.73,-34.7728969,138.6428893,100121,-34.8037049,138.6306857,3.0,-89.9281353451
1566958133.8,-34.7729168,138.6429045,100026,-34.8037049,138.6306857,3.0,-97.6621491007
1566958133.85,-34.7729351,138.6429188,99883,-34.8037049,138.6306857,3.0,-88.7238437456
1566958133.89,-34.7729549,138.6429341,99757,-34.8037049,138.6306857,3.0,-90.3179739252
1566958133.93,-34.7729732,138.6429485,99799,-34.8037049,138.6306857,3.0,-91.2727527126
1566958133.99,-34.7729931,138.6429638,99776,-34.8037049,138.6306857,3.0,-88.3865855236
1566958134.02,-34.7730114,138.6429781,99796,-34.8037049,138.6306857,3.0,-94.0115024235
1566958134.08,-34.7730315,138.6429935,99810,-34.8037049,138.6306857,3.0,-88.8550088848
1566958134.13,-34.7730506,138.6430082,99973,-34.8037049,138.6306857,3.0,-88.7111036719
1566958134.19,-34.773071,138.643024,99771,-34.8037049,138.6306857,3.0,-87.5942648453
1566958134.24,-34.7730895,138.6430387,99799,-34.8037049,138.6306857,3.0,-89.2707273239
1566958134.29,-34.7731093,138.6430545,99931,-34.8037049,138.6306857,3.0,-87.5758315054
1566958134.34,-34.7731282,138.6430691,99799,-34.8037049,138.6306857,3.0,-87.3563706949
1566958134.41,-34.7731483,138.6430849,99704,-34.8037049,138.6306857,3.0,-89.6185567845
1566958134.46,-34.7731667,138.6430996,99964,-34.8037049,138.6306857,3.0,-87.633755535
1566958134.52,-34.7731865,138.6431154,100012,-34.8037049,138.6306857,3.0,-94.6462299755
1566958134.57,-34.7732047,138.6431299,99911,-34.8037049,138.6306857,3.0,-87.4751479164
1566958134.63,-34.7732247,138.6431457,99989,-34.8037049,138.6306857,3.0,-87.4197812803
1566958134.67,-34.773243,138.6431605,99785,-34.8037049,138.6306857,3.0,-87.2380802672
1566958134.73,-34.7732629,138.6431763,99841,-34.8037049,138.6306857,3.0,-108.340345715
1566958134.78,-34.7732812,138.643191,99757,-34.8037049,138.6306857,3.0,-103.326356879
1566958134.83,-34.7733009,138.6432068,99762,-34.8037049,138.6306857,3.0,-93.265273625
1566958134.88,-34.7733193,138.6432216,99776,-34.8037049,138.6306857,3.0,-87.2571120275
1566958134.94,-34.7733391,138.6432379,99889,-34.8037049,138.6306857,3.0,-87.9847072921
1566958134.98,-34.7733574,138.6432529,99928,-34.8037049,138.6306857,3.0,-88.5304091317
1566958135.04,-34.7733773,138.6432691,99821,-34.8037049,138.6306857,3.0,-93.0496258145
1566958135.09,-34.7733957,138.6432841,99903,-34.8037049,138.6306857,3.0,-93.7855138726
1566958135.14,-34.7734155,138.6433003,99732,-34.8037049,138.6306857,3.0,-91.0116375168
1566958135.18,-34.7734338,138.6433154,99650,-34.8037049,138.6306857,3.0,-91.3945926309
1566958135.23,-34.7734537,138.6433317,99765,-34.8037049,138.6306857,3.0,-88.8556554735
1566958135.28,-34.773472,138.6433467,99973,-34.8037049,138.6306857,3.0,-90.9222055153
1566958135.34,-34.7734917,138.6433629,99748,-34.8037049,138.6306857,3.0,-87.8637111406
1566958135.39,-34.77351,138.6433779,99872,-34.8037049,138.6306857,3.0,-87.5035159601
1566958135.44,-34.77353,138.6433942,100029,-34.8037049,138.6306857,3.0,-88.0885466771
1566958135.5,-34.7735483,138.6434092,99824,-34.8037049,138.6306857,3.0,-87.9889258181
1566958135.54,-34.7735682,138.6434256,99872,-34.8037049,138.6306857,3.0,-88.0070068243
1566958135.6,-34.7735865,138.643441,100029,-34.8037049,138.6306857,3.0,-87.1852032839
1566958135.66,-34.7736063,138.6434577,99771,-34.8037049,138.6306857,3.0,-89.9301312114
1566958135.7,-34.7736247,138.643473,99661,-34.8037049,138.6306857,3.0,-87.449445032
1566958135.76,-34.7736444,138.6434897,99989,-34.8037049,138.6306857,3.0,-88.7765080662
1566958135.8,-34.7736627,138.6435051,99799,-34.8037049,138.6306857,3.0,-104.768675486
1566958135.86,-34.7736826,138.6435218,99973,-34.8037049,138.6306857,3.0,-87.5973536712
1566958135.92,-34.7737003,138.6435371,99964,-34.8037049,138.6306857,3.0,-94.3720304009
1566958135.97,-34.7737196,138.6435539,99942,-34.8037049,138.6306857,3.0,-88.1985231527
1566958136.01,-34.7737373,138.6435693,100057,-34.8037049,138.6306857,3.0,-87.3090130859
1566958136.07,-34.7737565,138.6435859,99676,-34.8037049,138.6306857,3.0,-94.8427572438
1566958136.12,-34.7737742,138.6436013,99886,-34.8037049,138.6306857,3.0,-90.1204903226
1566958136.18,-34.7737933,138.643618,99776,-34.8037049,138.6306857,3.0,-87.4477019875
1566958136.23,-34.7738109,138.6436334,99838,-34.8037049,138.6306857,3.0,-101.281532555
1566958136.29,-34.7738302,138.6436499,100037,-34.8037049,138.6306857,3.0,-117.911165556
1566958136.33,-34.7738479,138.6436654,99849,-34.8037049,138.6306857,3.0,-88.1556908725
1566958136.37,-34.773867,138.6436821,99858,-34.8037049,138.6306857,3.0,-87.5962234447
1566958136.41,-34.7738848,138.6436975,99858,-34.8037049,138.6306857,3.0,-87.3486949146
1566958136.47,-34.7739039,138.6437142,99875,-34.8037049,138.6306857,3.0,-108.05560232
1566958136.52,-34.7739216,138.6437296,99919,-34.8037049,138.6306857,3.0,-99.8355788493
1566958136.58,-34.7739408,138.6437461,99785,-34.8037049,138.6306857,3.0,-92.5410008688
1566958136.62,-34.7739585,138.6437616,99872,-34.8037049,138.6306857,3.0,-99.602969307
1566958136.68,-34.7739775,138.6437786,100068,-34.8037049,138.6306857,3.0,-90.9901827994
1566958136.74,-34.7739952,138.6437944,99757,-34.8037049,138.6306857,3.0,-101.386041614
1566958136.79,-34.7740145,138.6438114,99709,-34.8037049,138.6306857,3.0,-99.1565877121
1566958136.84,-34.7740322,138.6438273,99838,-34.8037049,138.6306857,3.0,-102.546363615
1566958136.89,-34.7740514,138.6438442,100060,-34.8037049,138.6306857,3.0,-87.3288117289
1566958136.95,-34.7740691,138.64386,99743,-34.8037049,138.6306857,3.0,-88.8580773116
1566958137.0,-34.7740882,138.6438772,99704,-34.8037049,138.6306857,3.0,-90.2513358075
1566958137.05,-34.7741058,138.643893,99849,-34.8037049,138.6306857,3.0,-89.2154411991
1566958137.11,-34.7741251,138.6439101,99844,-34.8037049,138.6306857,3.0,-91.5846519295
1566958137.16,-34.7741427,138.6439258,100079,-34.8037049,138.6306857,3.0,-106.418657006
1566958137.2,-34.7741618,138.6439428,100040,-34.8037049,138.6306857,3.0,-107.41007566
1566958137.24,-34.7741797,138.6439586,99964,-34.8037049,138.6306857,3.0,-95.9854805223
1566958137.29,-34.7741988,138.6439758,99964,-34.8037049,138.6306857,3.0,-94.4007363661
1566958137.35,-34.7742165,138.6439916,99776,-34.8037049,138.6306857,3.0,-87.2408519155
1566958137.41,-34.7742357,138.6440087,99964,-34.8037049,138.6306857,3.0,-95.1983187922
1566958137.45,-34.7742533,138.6440244,99776,-34.8037049,138.6306857,3.0,-87.3861427956
1566958137.51,-34.7742724,138.6440414,99956,-34.8037049,138.6306857,3.0,-97.7027458335
1566958137.57,-34.7742901,138.6440572,99785,-34.8037049,138.6306857,3.0,-87.5802641492
1566958137.63,-34.7743093,138.6440744,99762,-34.8037049,138.6306857,3.0,-100.280966839
1566958137.67,-34.7743271,138.6440902,100040,-34.8037049,138.6306857,3.0,-100.931508045
1566958137.72,-34.7743463,138.6441077,100060,-34.8037049,138.6306857,3.0,-87.1019953239
1566958137.76,-34.7743639,138.6441238,100113,-34.8037049,138.6306857,3.0,-89.1487520046
1566958137.82,-34.7743831,138.6441414,100079,-34.8037049,138.6306857,3.0,-96.4956094146
1566958137.86,-34.7744007,138.6441575,99956,-34.8037049,138.6306857,3.0,-90.5374897025
1566958137.93,-34.7744199,138.644175,100060,-34.8037049,138.6306857,3.0,-87.6363948291
1566958137.98,-34.7744376,138.6441912,99858,-34.8037049,138.6306857,3.0,-89.0147753585
1566958138.04,-34.7744567,138.6442087,100166,-34.8037049,138.6306857,3.0,-111.609130086
1566958138.08,-34.7744744,138.6442248,100060,-34.8037049,138.6306857,3.0,-89.1641588839
1566958138.14,-34.7744937,138.6442423,99981,-34.8037049,138.6306857,3.0,-88.0625936683
1566958138.19,-34.7745114,138.6442581,100152,-34.8037049,138.6306857,3.0,-87.1601837733
1566958138.24,-34.7745305,138.6442754,100200,-34.8037049,138.6306857,3.0,-90.9528622101
1566958138.27,-34.7745482,138.6442914,100225,-34.8037049,138.6306857,3.0,-87.943518533
1566958138.34,-34.7745673,138.644309,99981,-34.8037049,138.6306857,3.0,-89.3965748391
1566958138.39,-34.774585,138.6443252,99793,-34.8037049,138.6306857,3.0,-86.9916291623
1566958138.44,-34.7746042,138.6443426,99849,-34.8037049,138.6306857,3.0,-101.289172562
1566958138.48,-34.7746219,138.6443588,100079,-34.8037049,138.6306857,3.0,-87.7027217158
1566958138.55,-34.774641,138.6443764,100107,-34.8037049,138.6306857,3.0,-88.0952120292
1566958138.58,-34.7746588,138.6443924,100216,-34.8037049,138.6306857,3.0,-110.047612135
1566958138.63,-34.7746777,138.64441,99841,-34.8037049,138.6306857,3.0,-87.7324666622
1566958138.67,-34.7746948,138.6444262,99886,-34.8037049,138.6306857,3.0,-87.9900072501
1566958138.73,-34.7747132,138.6444436,99883,-34.8037049,138.6306857,3.0,-87.0203368807
1566958138.78,-34.7747303,138.6444598,100065,-34.8037049,138.6306857,3.0,-119.993907291
1566958138.84,-34.7747488,138.6444773,100015,-34.8037049,138.6306857,3.0,-88.9374313803
1566958138.89,-34.7747658,138.6444934,100166,-34.8037049,138.6306857,3.0,-87.5479645525
1566958138.95,-34.7747844,138.644511,100166,-34.8037049,138.6306857,3.0,-87.8589721654
1566958138.99,-34.7748014,138.6445272,100191,-34.8037049,138.6306857,3.0,-95.0005575813
1566958139.05,-34.7748199,138.6445446,99931,-34.8037049,138.6306857,3.0,-88.5431576008
1566958139.09,-34.7748368,138.6445608,99863,-34.8037049,138.6306857,3.0,-86.9500636844
1566958139.13,-34.7748554,138.6445784,100169,-34.8037049,138.6306857,3.0,-94.3762902717
1566958139.17,-34.7748725,138.6445944,100166,-34.8037049,138.6306857,3.0,-105.431661409
1566958139.22,-34.7748909,138.644612,100166,-34.8037049,138.6306857,3.0,-98.8657358066
1566958139.26,-34.7749079,138.6446282,100107,-34.8037049,138.6306857,3.0,-88.4026564634
1566958139.32,-34.7749265,138.6446456,100003,-34.8037049,138.6306857,3.0,-88.3434890556
1566958139.37,-34.7749436,138.6446619,100045,-34.8037049,138.6306857,3.0,-87.5774206645
1566958139.43,-34.774962,138.6446794,100160,-34.8037049,138.6306857,3.0,-86.9374087693
1566958139.48,-34.774979,138.6446954,100160,-34.8037049,138.6306857,3.0,-87.7249371161
1566958139.54,-34.7749976,138.644713,99919,-34.8037049,138.6306857,3.0,-89.6550572987
1566958139.59,-34.7750147,138.6447292,100197,-34.8037049,138.6306857,3.0,-93.3835598353
1566958139.64,-34.7750334,138.6447466,99956,-34.8037049,138.6306857,3.0,-101.339836484
1566958139.69,-34.7750511,138.6447629,99785,-34.8037049,138.6306857,3.0,-88.3200342386
1566958139.76,-34.7750702,138.6447804,99981,-34.8037049,138.6306857,3.0,-87.6329696873
1566958139.81,-34.7750879,138.6447966,100107,-34.8037049,138.6306857,3.0,-89.7512818006
1566958139.87,-34.7751071,138.6448141,100099,-34.8037049,138.6306857,3.0,-87.0286110573
1566958139.92,-34.7751248,138.6448303,99875,-34.8037049,138.6306857,3.0,-92.7961330842
1566958139.97,-34.7751436,138.6448477,100214,-34.8037049,138.6306857,3.0,-87.4544132767
1566958140.02,-34.7751607,138.6448639,99838,-34.8037049,138.6306857,3.0,-90.332716725
1566958140.08,-34.7751791,138.6448814,100146,-34.8037049,138.6306857,3.0,-86.8752523302
1566958140.13,-34.7751965,138.6448976,100029,-34.8037049,138.6306857,3.0,-86.9476705866
1566958140.17,-34.7752153,138.6449151,100045,-34.8037049,138.6306857,3.0,-93.4380975033
1566958140.21,-34.7752324,138.6449313,100127,-34.8037049,138.6306857,3.0,-91.75352257
1566958140.25,-34.7752508,138.6449487,99875,-34.8037049,138.6306857,3.0,-87.5239934361
1566958140.28,-34.7752682,138.6449649,99945,-34.8037049,138.6306857,3.0,-101.73112208
1566958140.35,-34.7752872,138.6449824,99973,-34.8037049,138.6306857,3.0,-90.2274387741
1566958140.4,-34.7753049,138.6449985,100082,-34.8037049,138.6306857,3.0,-86.9197752152
1566958140.46,-34.7753237,138.6450161,100275,-34.8037049,138.6306857,3.0,-88.0734765573
1566958140.51,-34.7753407,138.6450323,100261,-34.8037049,138.6306857,3.0,-94.1269136031
1566958140.57,-34.7753593,138.6450497,100113,-34.8037049,138.6306857,3.0,-100.243809387
1566958140.62,-34.7753763,138.6450659,99984,-34.8037049,138.6306857,3.0,-88.1077098487
1566958140.67,-34.7753948,138.6450835,100138,-34.8037049,138.6306857,3.0,-86.8830232398
1566958140.72,-34.7754119,138.6450995,100228,-34.8037049,138.6306857,3.0,-88.8769656319
1566958140.78,-34.7754304,138.6451171,100205,-34.8037049,138.6306857,3.0,-98.9934146982
1566958140.83,-34.7754474,138.6451333,100146,-34.8037049,138.6306857,3.0,-86.9161607435
1566958140.89,-34.7754659,138.6451507,100135,-34.8037049,138.6306857,3.0,-94.7285851476
1566958140.93,-34.775483,138.6451669,99919,-34.8037049,138.6306857,3.0,-86.828405556
1566958140.99,-34.7755013,138.6451844,100003,-34.8037049,138.6306857,3.0,-87.176176787
1566958141.05,-34.7755184,138.6452005,99903,-34.8037049,138.6306857,3.0,-99.5905050907
1566958141.11,-34.7755377,138.6452181,100079,-34.8037049,138.6306857,3.0,-87.0770678345
1566958141.14,-34.775555,138.6452343,100214,-34.8037049,138.6306857,3.0,-90.040557855
1566958141.19,-34.7755734,138.6452517,100012,-34.8037049,138.6306857,3.0,-86.9325056295
1566958141.25,-34.7755905,138.6452679,100107,-34.8037049,138.6306857,3.0,-94.0393045142
1566958141.31,-34.7756089,138.6452854,100017,-34.8037049,138.6306857,3.0,-86.7970880562
1566958141.37,-34.7756259,138.6453015,100138,-34.8037049,138.6306857,3.0,-86.844076631
1566958141.43,-34.7756445,138.6453191,99989,-34.8037049,138.6306857,3.0,-87.3838231463
1566958141.49,-34.7756615,138.6453353,100076,-34.8037049,138.6306857,3.0,-88.7900191668
1566958141.55,-34.77568,138.6453527,99875,-34.8037049,138.6306857,3.0,-86.8071460398
1566958141.59,-34.7756976,138.645369,100107,-34.8037049,138.6306857,3.0,-87.584399957
1566958141.65,-34.775716,138.6453865,100244,-34.8037049,138.6306857,3.0,-91.7944630128
1566958141.69,-34.7757332,138.6454025,100124,-34.8037049,138.6306857,3.0,-87.5279693167
1566958141.76,-34.7757516,138.6454201,100037,-34.8037049,138.6306857,3.0,-87.8919211748
1566958141.81,-34.7757687,138.6454363,100045,-34.8037049,138.6306857,3.0,-87.0371591231
1566958141.87,-34.7757871,138.6454537,100029,-34.8037049,138.6306857,3.0,-103.429456901
1566958141.92,-34.7758041,138.6454699,100107,-34.8037049,138.6306857,3.0,-92.0769578163
1566958141.98,-34.7758227,138.6454874,100107,-34.8037049,138.6306857,3.0,-90.3994668283
1566958142.03,-34.7758398,138.6455035,100138,-34.8037049,138.6306857,3.0,-86.8976461848
1566958142.09,-34.7758582,138.6455211,100174,-34.8037049,138.6306857,3.0,-88.5700754508
1566958142.13,-34.7758752,138.6455373,99998,-34.8037049,138.6306857,3.0,-87.7682957091
1566958142.19,-34.7758938,138.6455547,100211,-34.8037049,138.6306857,3.0,-99.7269945898
1566958142.22,-34.7759109,138.6455709,100205,-34.8037049,138.6306857,3.0,-91.0225062305
1566958142.26,-34.7759293,138.6455883,99858,-34.8037049,138.6306857,3.0,-92.0600177101
1566958142.31,-34.7759463,138.6456045,100082,-34.8037049,138.6306857,3.0,-86.9258529882
1566958142.37,-34.7759649,138.6456221,100200,-34.8037049,138.6306857,3.0,-87.0541909842
1566958142.43,-34.775982,138.6456383,99883,-34.8037049,138.6306857,3.0,-94.4704859193
1566958142.48,-34.7760004,138.6456557,99858,-34.8037049,138.6306857,3.0,-86.9648799859
1566958142.54,-34.7760175,138.645672,100124,-34.8037049,138.6306857,3.0,-94.479331466
1566958142.59,-34.776036,138.6456895,100186,-34.8037049,138.6306857,3.0,-88.0393371941
1566958142.63,-34.7760534,138.6457055,99875,-34.8037049,138.6306857,3.0,-86.8816361345
1566958142.68,-34.7760727,138.6457231,99942,-34.8037049,138.6306857,3.0,-88.8963749823
1566958142.74,-34.7760904,138.6457393,99810,-34.8037049,138.6306857,3.0,-91.1478942373
1566958142.79,-34.7761094,138.6457567,99824,-34.8037049,138.6306857,3.0,-94.5110493272
1566958142.85,-34.7761269,138.645773,99830,-34.8037049,138.6306857,3.0,-92.1051474101
1566958142.91,-34.7761452,138.6457905,99841,-34.8037049,138.6306857,3.0,-87.2958529769
1566958142.96,-34.7761623,138.6458065,100135,-34.8037049,138.6306857,3.0,-92.9964857998
1566958143.02,-34.7761809,138.6458241,100026,-34.8037049,138.6306857,3.0,-106.468025708
1566958143.08,-34.7761979,138.6458403,99942,-34.8037049,138.6306857,3.0,-87.7586419874
1566958143.13,-34.7762163,138.6458577,99917,-34.8037049,138.6306857,3.0,-100.925045898
1566958143.19,-34.7762333,138.6458739,100090,-34.8037049,138.6306857,3.0,-89.3787366635
1566958143.23,-34.7762519,138.6458913,100040,-34.8037049,138.6306857,3.0,-98.2468373995
1566958143.29,-34.776269,138.6459075,100124,-34.8037049,138.6306857,3.0,-102.625292221
1566958143.34,-34.7762874,138.6459252,100214,-34.8037049,138.6306857,3.0,-91.408941083
1566958143.4,-34.7763045,138.6459413,100244,-34.8037049,138.6306857,3.0,-92.9595050592
1566958143.46,-34.776323,138.6459588,100003,-34.8037049,138.6306857,3.0,-86.7240275024
1566958143.49,-34.7763407,138.645975,99905,-34.8037049,138.6306857,3.0,-97.1621656491
1566958143.53,-34.7763598,138.6459925,99989,-34.8037049,138.6306857,3.0,-101.856668004
1566958143.59,-34.7763775,138.6460085,99931,-34.8037049,138.6306857,3.0,-86.7189475208
1566958143.64,-34.7763967,138.6460261,99917,-34.8037049,138.6306857,3.0,-98.5552518784
1566958143.68,-34.7764144,138.6460423,99849,-34.8037049,138.6306857,3.0,-90.4869142706
1566958143.74,-34.7764337,138.6460598,99858,-34.8037049,138.6306857,3.0,-86.782785201
1566958143.78,-34.7764513,138.646076,100121,-34.8037049,138.6306857,3.0,-92.7494785047
1566958143.82,-34.7764704,138.6460935,100045,-34.8037049,138.6306857,3.0,-92.630662478
1566958143.88,-34.7764881,138.6461096,100107,-34.8037049,138.6306857,3.0,-88.1816263246
1566958143.93,-34.7765074,138.6461271,99942,-34.8037049,138.6306857,3.0,-87.1991248038
1566958143.98,-34.776525,138.6461433,100090,-34.8037049,138.6306857,3.0,-94.8581364837
1566958144.02,-34.7765441,138.6461606,100146,-34.8037049,138.6306857,3.0,-86.8002381366
1566958144.07,-34.7765619,138.6461764,100082,-34.8037049,138.6306857,3.0,-92.031217488
1566958144.13,-34.7765811,138.6461934,100017,-34.8037049,138.6306857,3.0,-95.0847120604
1566958144.19,-34.7765987,138.6462094,99889,-34.8037049,138.6306857,3.0,-88.2808924929
1566958144.23,-34.7766179,138.6462268,100127,-34.8037049,138.6306857,3.0,-94.4329739056
1566958144.28,-34.7766356,138.6462431,99858,-34.8037049,138.6306857,3.0,-89.8437819101
1566958144.35,-34.7766547,138.6462606,100029,-34.8037049,138.6306857,3.0,-92.0172761983
1566958144.41,-34.7766724,138.6462766,99858,-34.8037049,138.6306857,3.0,-87.3345946327
1566958144.46,-34.7766916,138.6462939,99973,-34.8037049,138.6306857,3.0,-87.1080646583
1566958144.52,-34.7767093,138.6463097,100186,-34.8037049,138.6306857,3.0,-99.6913078712
1566958144.58,-34.7767285,138.6463273,100236,-34.8037049,138.6306857,3.0,-87.6195199696
1566958144.63,-34.7767462,138.6463435,100138,-34.8037049,138.6306857,3.0,-88.2343193154
1566958144.68,-34.7767653,138.6463609,99919,-34.8037049,138.6306857,3.0,-101.274066571
1566958144.74,-34.776783,138.6463767,100127,-34.8037049,138.6306857,3.0,-88.8538592385
1566958144.78,-34.7768022,138.6463938,100244,-34.8037049,138.6306857,3.0,-88.0033353643
1566958144.84,-34.7768199,138.6464098,100051,-34.8037049,138.6306857,3.0,-91.9718769972
1566958144.89,-34.776839,138.6464274,100191,-34.8037049,138.6306857,3.0,-91.2854783776
1566958144.95,-34.7768568,138.6464436,100090,-34.8037049,138.6306857,3.0,-100.756991165
1566958145.0,-34.7768759,138.6464609,100186,-34.8037049,138.6306857,3.0,-86.6621428378
1566958145.06,-34.7768936,138.6464767,99981,-34.8037049,138.6306857,3.0,-98.2811543781
1566958145.11,-34.7769128,138.6464939,100244,-34.8037049,138.6306857,3.0,-102.448402323
1566958145.17,-34.7769305,138.6465096,99903,-34.8037049,138.6306857,3.0,-99.1738065431
1566958145.22,-34.7769496,138.6465266,99928,-34.8037049,138.6306857,3.0,-86.6945711764
1566958145.26,-34.7769673,138.6465424,100160,-34.8037049,138.6306857,3.0,-86.6240379084
1566958145.3,-34.7769865,138.6465596,100121,-34.8037049,138.6306857,3.0,-86.5630763725
1566958145.35,-34.7770042,138.6465753,100029,-34.8037049,138.6306857,3.0,-112.722716322
1566958145.41,-34.7770234,138.6465924,100244,-34.8037049,138.6306857,3.0,-87.0336005826
1566958145.46,-34.7770411,138.6466082,100152,-34.8037049,138.6306857,3.0,-97.4629659388
1566958145.52,-34.7770602,138.6466252,100152,-34.8037049,138.6306857,3.0,-100.326393799
1566958145.57,-34.7770779,138.646641,100261,-34.8037049,138.6306857,3.0,-92.3804183309
1566958145.63,-34.7770971,138.6466582,99858,-34.8037049,138.6306857,3.0,-90.6591582561
1566958145.68,-34.7771148,138.6466739,100065,-34.8037049,138.6306857,3.0,-86.6713556684
1566958145.74,-34.7771339,138.646691,99933,-34.8037049,138.6306857,3.0,-102.408482868
1566958145.79,-34.7771517,138.6467068,99956,-34.8037049,138.6306857,3.0,-86.6913847677
1566958145.85,-34.7771708,138.6467238,99989,-34.8037049,138.6306857,3.0,-86.9884670775
1566958145.9,-34.7771885,138.6467396,100180,-34.8037049,138.6306857,3.0,-87.9740815039
1566958145.96,-34.7772077,138.6467568,100261,-34.8037049,138.6306857,3.0,-86.7651442532
1566958146.01,-34.7772254,138.6467725,100261,-34.8037049,138.6306857,3.0,-87.8973759441
1566958146.06,-34.7772445,138.6467896,100135,-34.8037049,138.6306857,3.0,-107.185219157
1566958146.11,-34.7772622,138.6468054,100138,-34.8037049,138.6306857,3.0,-101.692942417
1566958146.16,-34.7772814,138.6468224,100138,-34.8037049,138.6306857,3.0,-98.4672840685
1566958146.2,-34.7772991,138.6468382,99931,-34.8037049,138.6306857,3.0,-87.4921688834
1566958146.25,-34.7773183,138.6468553,99928,-34.8037049,138.6306857,3.0,-89.7930595985
1566958146.29,-34.7773359,138.6468711,99973,-34.8037049,138.6306857,3.0,-88.1375736754
1566958146.35,-34.7773551,138.6468882,100146,-34.8037049,138.6306857,3.0,-93.1878761128
1566958146.4,-34.7773728,138.6469038,99973,-34.8037049,138.6306857,3.0,-92.1650459477
1566958146.46,-34.777392,138.646921,100029,-34.8037049,138.6306857,3.0,-87.0919469742
1566958146.51,-34.7774097,138.6469368,99928,-34.8037049,138.6306857,3.0,-92.6297618149
1566958146.57,-34.7774288,138.6469539,99872,-34.8037049,138.6306857,3.0,-88.1175888868
1566958146.62,-34.7774464,138.6469696,99964,-34.8037049,138.6306857,3.0,-87.1923861762
1566958146.67,-34.7774657,138.6469866,100191,-34.8037049,138.6306857,3.0,-87.0011214676
1566958146.72,-34.7774834,138.6470024,100045,-34.8037049,138.6306857,3.0,-87.2474431259
1566958146.78,-34.7775026,138.6470196,100244,-34.8037049,138.6306857,3.0,-93.990485668
1566958146.83,-34.7775203,138.6470354,99919,-34.8037049,138.6306857,3.0,-93.9473996324
