1566957646.65,-34.803706,138.630686,32,-34.8037049,138.6306857,3.0,-3.66001028728
1566957646.7,-34.803706,138.630686,-54,-34.8037049,138.6306857,3.0,-3.67456754256
1566957646.75,-34.803706,138.630686,-82,-34.8037049,138.6306857,3.0,-3.67456754256
1566957646.8,-34.803706,138.630686,-186,-34.8037049,138.6306857,3.0,-3.76303929432
1566957646.82,-34.803706,138.630686,19,-34.8037049,138.6306857,3.0,0.0284154921754
1566957646.88,-34.803706,138.630686,-142,-34.8037049,138.6306857,3.0,-3.73333137678
1566957646.92,-34.803706,138.630686,-137,-34.8037049,138.6306857,3.0,-6.79270870081
1566957646.98,-34.803706,138.630686,-186,-34.8037049,138.6306857,3.0,-3.76303929432
1566957647.02,-34.803706,138.630686,-76,-34.8037049,138.6306857,3.0,-3.76303929432
1566957647.07,-34.803706,138.630686,-318,-34.8037049,138.6306857,3.0,-3.85350334088
1566957647.13,-34.803706,138.630686,63,-34.8037049,138.6306857,3.0,0.0381756729749
1566957647.18,-34.803706,138.630686,38,-34.8037049,138.6306857,3.0,1.81931572135
1566957647.23,-34.803706,138.630686,-159,-34.8037049,138.6306857,3.0,1.81931572135
1566957647.28,-34.803706,138.630686,221,-34.8037049,138.6306857,3.0,1.81931572135
1566957647.32,-34.803706,138.630686,157,-34.8037049,138.6306857,3.0,1.81931572135
1566957647.37,-34.803706,138.630686,113,-34.8037049,138.6306857,3.0,1.81931572135
1566957647.43,-34.803706,138.630686,-38,-34.8037049,138.6306857,3.0,1.81931572135
1566957647.49,-34.803706,138.630686,-27,-34.8037049,138.6306857,3.0,1.81931572135
1566957647.53,-34.803706,138.630686,19,-34.8037049,138.6306857,3.0,0.0284154921754
1566957647.6,-34.803706,138.630686,163,-34.8037049,138.6306857,3.0,0.0284154921754
1566957647.65,-34.803706,138.630686,-71,-34.8037049,138.6306857,3.0,0.0284154921754
1566957647.71,-34.803706,138.630686,-171,-34.8037049,138.6306857,3.0,0.0284154921754
1566957647.77,-34.803706,138.630686,201,-34.8037049,138.6306857,3.0,0.0284154921754
1566957647.83,-34.803706,138.630686,-160,-34.8037049,138.6306857,3.0,0.0284154921754
1566957647.88,-34.803706,138.630686,69,-34.8037049,138.6306857,3.0,0.0284154921754
1566957647.93,-34.803706,138.630686,99,-34.8037049,138.6306857,3.0,0.0284154921754
1566957647.98,-34.803706,138.630686,151,-34.8037049,138.6306857,3.0,0.0575808887026
1566957648.03,-34.803706,138.630686,-38,-34.8037049,138.6306857,3.0,0.0575808887026
1566957648.08,-34.803706,138.630686,143,-34.8037049,138.6306857,3.0,0.0575808887026
1566957648.14,-34.803706,138.630686,5,-34.8037049,138.6306857,3.0,0.0575808887026
1566957648.19,-34.803706,138.630686,-105,-34.8037049,138.6306857,3.0,-6.4661953405
1566957648.24,-34.803706,138.630686,118,-34.8037049,138.6306857,3.0,-6.4661953405
1566957648.29,-34.803706,138.630686,-27,-34.8037049,138.6306857,3.0,-6.4661953405
1566957648.34,-34.803706,138.630686,35,-34.8037049,138.6306857,3.0,-6.4661953405
1566957648.39,-34.803706,138.630686,19,-34.8037049,138.6306857,3.0,0.0284154921754
1566957648.45,-34.803706,138.630686,-99,-34.8037049,138.6306857,3.0,1.86265744128
1566957648.48,-34.803706,138.630686,38,-34.8037049,138.6306857,3.0,1.81931572135
1566957648.54,-34.803706,138.630686,-110,-34.8037049,138.6306857,3.0,-21.2474972042
1566957648.59,-34.803706,138.630686,-22,-34.8037049,138.6306857,3.0,-28.2371806955
1566957648.65,-34.803706,138.630686,80,-34.8037049,138.6306857,3.0,-28.2371806955
1566957648.69,-34.803706,138.630686,-72,-34.8037049,138.6306857,3.0,-28.2371806955
1566957648.75,-34.803706,138.630686,144,-34.8037049,138.6306857,3.0,-28.2371806955
1566957648.8,-34.803706,138.630686,-22,-34.8037049,138.6306857,3.0,-28.2371806955
1566957648.84,-34.803706,138.630686,11,-34.8037049,138.6306857,3.0,-28.2371806955
1566957648.87,-34.803706,138.630686,144,-34.8037049,138.6306857,3.0,-28.2371806955
1566957648.94,-34.803706,138.630686,-155,-34.8037049,138.6306857,3.0,-28.2371806955
1566957648.99,-34.803706,138.630686,-66,-34.8037049,138.6306857,3.0,-23.4659736571
