1566957935.28,-34.803706,138.630686,188,-34.8037049,138.6306857,3.0,-8.8972655525
1566957935.34,-34.803706,138.630686,199,-34.8037049,138.6306857,3.0,1.48062105068
1566957935.39,-34.803706,138.630686,-133,-34.8037049,138.6306857,3.0,1.48830273727
1566957935.43,-34.803706,138.630686,-110,-34.8037049,138.6306857,3.0,-44.3576938454
1566957935.47,-34.803706,138.630686,-77,-34.8037049,138.6306857,3.0,1.86264862744
1566957935.53,-34.803706,138.630686,83,-34.8037049,138.6306857,3.0,-14.8524278809
1566957935.58,-34.803706,138.630686,19,-34.8037049,138.6306857,3.0,-1.80586845264
1566957935.63,-34.803706,138.630686,211,-34.8037049,138.6306857,3.0,0.308376129133
1566957935.69,-34.803706,138.630686,30,-34.8037049,138.6306857,3.0,-0.579785737512
1566957935.75,-34.803706,138.630686,-128,-34.8037049,138.6306857,3.0,1.01728967012
1566957935.8,-34.803706,138.630686,38,-34.8037049,138.6306857,3.0,1.7759320057
1566957935.86,-34.803706,138.630686,77,-34.8037049,138.6306857,3.0,1.86264862744
1566957935.91,-34.803706,138.630686,-33,-34.8037049,138.6306857,3.0,1.86269010464
1566957935.96,-34.803706,138.630686,-89,-34.8037049,138.6306857,3.0,1.49337864126
1566957936.01,-34.803706,138.630686,-11,-34.8037049,138.6306857,3.0,1.86269840006
1566957936.05,-34.803706,138.630686,261,-34.8037049,138.6306857,3.0,-1.69945290213
1566957936.09,-34.803706,138.630686,-77,-34.8037049,138.6306857,3.0,1.86264862744
1566957936.15,-34.803706,138.630686,208,-34.8037049,138.6306857,3.0,-9.41865155724
1566957936.2,-34.803706,138.630686,-122,-34.8037049,138.6306857,3.0,-8.98183447847
1566957936.25,-34.803706,138.630686,203,-34.8037049,138.6306857,3.0,-15.6352601112
1566957936.29,-34.803706,138.630686,-44,-34.8037049,138.6306857,3.0,-52.3164650625
1566957936.35,-34.803706,138.630686,75,-34.8037049,138.6306857,3.0,0.379766612358
1566957936.41,-34.803706,138.630686,11,-34.8037049,138.6306857,3.0,1.86269840006
1566957936.47,-34.803706,138.630686,267,-34.8037049,138.6306857,3.0,-1.93464891519
1566957936.52,-34.803706,138.630686,94,-34.8037049,138.6306857,3.0,1.76854462118
1566957936.57,-34.803706,138.630686,139,-34.8037049,138.6306857,3.0,-5.6511715056
1566957936.63,-34.803706,138.630686,-105,-34.8037049,138.6306857,3.0,-14.795090118
1566957936.68,-34.803706,138.630686,-55,-34.8037049,138.6306857,3.0,1.86267351377
1566957936.72,-34.803706,138.630686,-105,-34.8037049,138.6306857,3.0,-14.795090118
1566957936.78,-34.803706,138.630686,248,-34.8037049,138.6306857,3.0,1.75954025201
1566957936.82,-34.803706,138.630686,-16,-34.8037049,138.6306857,3.0,1.77472194586
1566957936.88,-34.803706,138.630686,312,-34.8037049,138.6306857,3.0,1.09398621147
1566957936.92,-34.803706,138.630686,103,-34.8037049,138.6306857,3.0,-5.85520826414
1566957936.98,-34.803706,138.630686,318,-34.8037049,138.6306857,3.0,-9.56970611875
1566957937.04,-34.803706,138.630686,248,-34.8037049,138.6306857,3.0,1.75954025201
1566957937.1,-34.803706,138.630686,326,-34.8037049,138.6306857,3.0,0.981465299448
1566957937.14,-34.803706,138.630686,-5,-34.8037049,138.6306857,3.0,-15.0857252504
1566957937.21,-34.803706,138.630686,153,-34.8037049,138.6306857,3.0,1.52065146014
1566957937.24,-34.803706,138.630686,187,-34.8037049,138.6306857,3.0,1.86239976146
1566957937.3,-34.803706,138.630686,198,-34.8037049,138.6306857,3.0,-39.2523211158
1566957937.35,-34.803706,138.630686,64,-34.8037049,138.6306857,3.0,-3.51766831149
1566957937.41,-34.803706,138.630686,167,-34.8037049,138.6306857,3.0,0.31948896878
1566957937.46,-34.803706,138.630686,139,-34.8037049,138.6306857,3.0,-5.6511715056
1566957937.52,-34.803706,138.630686,19,-34.8037049,138.6306857,3.0,-1.80586845264
1566957937.57,-34.803706,138.630686,83,-34.8037049,138.6306857,3.0,-14.8524278809
1566957937.61,-34.803706,138.630686,120,-34.8037049,138.6306857,3.0,-9.299818379
1566957937.65,-34.803706,138.630686,298,-34.8037049,138.6306857,3.0,-8.75828539185
1566957937.7,-34.803706,138.630686,75,-34.8037049,138.6306857,3.0,0.379766612358
1566957937.75,-34.803706,138.630686,187,-34.8037049,138.6306857,3.0,1.86239976146
1566957937.81,-34.803706,138.630686,159,-34.8037049,138.6306857,3.0,-15.5100427193
1566957937.86,-34.803706,138.630686,248,-34.8037049,138.6306857,3.0,1.75954025201
1566957937.92,-34.803706,138.630686,301,-34.8037049,138.6306857,3.0,-6.02655021206
1566957937.96,-34.803706,138.630686,307,-34.8037049,138.6306857,3.0,1.53744102164
1566957938.02,-34.803706,138.630686,-78,-34.8037049,138.6306857,3.0,-9.03871648924
1566957938.06,-34.803706,138.630686,-145,-34.8037049,138.6306857,3.0,0.325027629055
1566957938.12,-34.803706,138.630686,-341,-34.8037049,138.6306857,3.0,1.86170291146
1566957938.17,-34.803706,138.630686,-201,-34.8037049,138.6306857,3.0,-1.90463566261
1566957938.23,-34.803706,138.630686,81,-34.8037049,138.6306857,3.0,-5.83641839297
1566957938.27,-34.803706,138.630686,-145,-34.8037049,138.6306857,3.0,0.325027629055
1566957938.34,-34.803706,138.630686,-330,-34.8037049,138.6306857,3.0,-34.8155453535
1566957938.39,-34.803706,138.630686,-44,-34.8037049,138.6306857,3.0,-52.3164650625
1566957938.45,-34.803706,138.630686,-55,-34.8037049,138.6306857,3.0,1.86267351377
1566957938.5,-34.803706,138.630686,-167,-34.8037049,138.6306857,3.0,0.31948896878
1566957938.56,-34.803706,138.630686,11,-34.8037049,138.6306857,3.0,1.86269840006
1566957938.6,-34.803706,138.630686,-5,-34.8037049,138.6306857,3.0,-15.0857252504
1566957938.67,-34.803706,138.630686,-190,-34.8037049,138.6306857,3.0,-0.506758753786
1566957938.71,-34.803706,138.630686,-246,-34.8037049,138.6306857,3.0,1.08273591855
1566957938.76,-34.803706,138.630686,-145,-34.8037049,138.6306857,3.0,0.325027629055
1566957938.82,-34.803706,138.630686,-145,-34.8037049,138.6306857,3.0,0.325027629055
1566957938.87,-34.803706,138.630686,55,-34.8037049,138.6306857,3.0,1.86267351377
1566957938.92,-34.803706,138.630686,44,-34.8037049,138.6306857,3.0,-52.3164650625
1566957938.98,-34.803706,138.630686,-123,-34.8037049,138.6306857,3.0,0.330554469649
1566957939.03,-34.803706,138.630686,-16,-34.8037049,138.6306857,3.0,1.77472194586
1566957939.09,-34.803706,138.630686,-229,-34.8037049,138.6306857,3.0,0.417388552499
1566957939.14,-34.803706,138.630686,-274,-34.8037049,138.6306857,3.0,-9.50894378112
1566957939.18,-34.803706,138.630686,-44,-34.8037049,138.6306857,3.0,-52.3164650625
1566957939.22,-34.803706,138.630686,-212,-34.8037049,138.6306857,3.0,-0.499535183468
1566957939.27,-34.803706,138.630686,44,-34.8037049,138.6306857,3.0,-52.3164650625
1566957939.32,-34.803706,138.630686,224,-34.8037049,138.6306857,3.0,1.07896597781
1566957939.38,-34.803706,138.630686,-117,-34.8037049,138.6306857,3.0,-5.66948229637
1566957939.43,-34.803706,138.630686,42,-34.8037049,138.6306857,3.0,-3.50439146079
1566957939.49,-34.803706,138.630686,221,-34.8037049,138.6306857,3.0,1.47804237919
1566957939.53,-34.803706,138.630686,114,-34.8037049,138.6306857,3.0,1.0599670594
1566957939.59,-34.803706,138.630686,-78,-34.8037049,138.6306857,3.0,-9.03871648924
1566957939.65,-34.803706,138.630686,5,-34.8037049,138.6306857,3.0,-15.0857252504
1566957939.7,-34.803706,138.630686,179,-34.8037049,138.6306857,3.0,-1.89467080604
1566957939.76,-34.803706,138.630686,221,-34.8037049,138.6306857,3.0,1.47804237919
1566957939.81,-34.803706,138.630686,106,-34.8037049,138.6306857,3.0,1.02121964241
1566957939.87,-34.803706,138.630686,106,-34.8037049,138.6306857,3.0,1.02121964241
1566957939.93,-34.803706,138.630686,75,-34.8037049,138.6306857,3.0,0.379766612358
1566957939.98,-34.803706,138.630686,201,-34.8037049,138.6306857,3.0,-1.90463566261
1566957940.04,-34.803706,138.630686,70,-34.8037049,138.6306857,3.0,1.05229769636
1566957940.08,-34.803706,138.630686,151,-34.8037049,138.6306857,3.0,-1.74753765958
1566957940.12,-34.803706,138.630686,224,-34.8037049,138.6306857,3.0,1.07896597781
1566957940.17,-34.803706,138.630686,165,-34.8037049,138.6306857,3.0,1.86246612619
1566957940.22,-34.803706,138.630686,126,-34.8037049,138.6306857,3.0,1.78068764015
1566957940.28,-34.803706,138.630686,112,-34.8037049,138.6306857,3.0,-3.41224796058
1566957940.32,-34.803706,138.630686,22,-34.8037049,138.6306857,3.0,-58.3370608281
1566957940.38,-34.803706,138.630686,156,-34.8037049,138.6306857,3.0,-3.38617404214
1566957940.43,-34.803706,138.630686,0,-34.8037049,138.6306857,3.0,-3.38617404214
1566957940.48,-34.803706,138.630686,-22,-34.8037049,138.6306857,3.0,-58.3370608281
1566957940.54,-34.803706,138.630686,75,-34.8037049,138.6306857,3.0,0.379766612358
1566957940.59,-34.803706,138.630686,95,-34.8037049,138.6306857,3.0,-5.68784008224
1566957940.65,-34.803706,138.630686,109,-34.8037049,138.6306857,3.0,1.51577374052
1566957940.69,-34.803706,138.630686,-78,-34.8037049,138.6306857,3.0,-9.03871648924
1566957940.73,-34.803706,138.630686,221,-34.8037049,138.6306857,3.0,1.47804237919
1566957940.79,-34.803706,138.630686,131,-34.8037049,138.6306857,3.0,1.51821709047
1566957940.84,-34.803706,138.630686,204,-34.8037049,138.6306857,3.0,1.76215536494
1566957940.9,-34.803706,138.630686,241,-34.8037049,138.6306857,3.0,1.53029923696
1566957940.95,-34.803706,138.630686,311,-34.8037049,138.6306857,3.0,-1.95475711054
1566957940.99,-34.803706,138.630686,275,-34.8037049,138.6306857,3.0,1.86205134112
1566957941.05,-34.803706,138.630686,151,-34.8037049,138.6306857,3.0,-1.74753765958
1566957941.1,-34.803706,138.630686,-56,-34.8037049,138.6306857,3.0,-9.06731029556
1566957941.15,-34.803706,138.630686,160,-34.8037049,138.6306857,3.0,1.764736519
1566957941.21,-34.803706,138.630686,-89,-34.8037049,138.6306857,3.0,1.49337864126
1566957941.25,-34.803706,138.630686,171,-34.8037049,138.6306857,3.0,-14.6253624754
1566957941.29,-34.803706,138.630686,286,-34.8037049,138.6306857,3.0,-36.0584260052
1566957941.35,-34.803706,138.630686,305,-34.8037049,138.6306857,3.0,-1.68035116203
1566957941.4,-34.803706,138.630686,210,-34.8037049,138.6306857,3.0,-8.86927440418
1566957941.46,-34.803706,138.630686,-61,-34.8037049,138.6306857,3.0,-14.9101550123
1566957941.51,-34.803706,138.630686,95,-34.8037049,138.6306857,3.0,-5.68784008224
1566957941.56,-34.803706,138.630686,106,-34.8037049,138.6306857,3.0,1.02121964241
1566957941.62,-34.803706,138.630686,140,-34.8037049,138.6306857,3.0,-0.616843611879
1566957941.67,-34.803706,138.630686,-22,-34.8037049,138.6306857,3.0,-58.3370608281
1566957941.71,-34.803706,138.630686,64,-34.8037049,138.6306857,3.0,-3.51766831149
1566957941.76,-34.803706,138.630686,-146,-34.8037049,138.6306857,3.0,-0.521248863051
1566957941.81,-34.803706,138.630686,160,-34.8037049,138.6306857,3.0,1.764736519
1566957941.87,-34.803706,138.630686,-101,-34.8037049,138.6306857,3.0,0.336069505429
1566957941.93,-34.803706,138.630686,-101,-34.8037049,138.6306857,3.0,0.336069505429
1566957941.97,-34.803706,138.630686,16,-34.8037049,138.6306857,3.0,1.77472194586
1566957942.03,-34.803706,138.630686,185,-34.8037049,138.6306857,3.0,0.406697496175
1566957942.08,-34.803706,138.630686,106,-34.8037049,138.6306857,3.0,1.02121964241
1566957942.13,-34.803706,138.630686,-11,-34.8037049,138.6306857,3.0,1.86269840006
1566957942.18,-34.803706,138.630686,-101,-34.8037049,138.6306857,3.0,0.336069505429
1566957942.23,-34.803706,138.630686,50,-34.8037049,138.6306857,3.0,1.77104096575
1566957942.27,-34.803706,138.630686,-168,-34.8037049,138.6306857,3.0,-0.513996638877
1566957942.32,-34.803706,138.630686,196,-34.8037049,138.6306857,3.0,-3.59793381227
1566957942.38,-34.803706,138.630686,-67,-34.8037049,138.6306857,3.0,1.49590304308
1566957942.43,-34.803706,138.630686,179,-34.8037049,138.6306857,3.0,-1.89467080604
1566957942.48,-34.803706,138.630686,-157,-34.8037049,138.6306857,3.0,-1.88472565384
1566957942.55,-34.803706,138.630686,216,-34.8037049,138.6306857,3.0,1.00146890792
1566957942.59,-34.803706,138.630686,224,-34.8037049,138.6306857,3.0,1.07896597781
1566957942.65,-34.803706,138.630686,-67,-34.8037049,138.6306857,3.0,1.49590304308
1566957942.7,-34.803706,138.630686,210,-34.8037049,138.6306857,3.0,-8.86927440418
1566957942.76,-34.803706,138.630686,-39,-34.8037049,138.6306857,3.0,-14.9682767214
1566957942.81,-34.803706,138.630686,177,-34.8037049,138.6306857,3.0,1.48319066403
1566957942.87,-34.803706,138.630686,-84,-34.8037049,138.6306857,3.0,1.02513954581
1566957942.92,-34.803706,138.630686,241,-34.8037049,138.6306857,3.0,1.53029923696
1566957942.98,-34.803706,138.630686,171,-34.8037049,138.6306857,3.0,-14.6253624754
1566957943.03,-34.803706,138.630686,-281,-34.8037049,138.6306857,3.0,-14.3498129179
1566957943.08,-34.803706,138.630686,-258,-34.8037049,138.6306857,3.0,1.78756752948
1566957943.14,-34.803706,138.630686,-163,-34.8037049,138.6306857,3.0,0.401334575765
1566957943.18,-34.803706,138.630686,30,-34.8037049,138.6306857,3.0,-0.579785737512
1566957943.23,-34.803706,138.630686,-191,-34.8037049,138.6306857,3.0,-5.93086037813
1566957943.27,-34.803706,138.630686,-129,-34.8037049,138.6306857,3.0,-1.75721158824
1566957943.31,-34.803706,138.630686,45,-34.8037049,138.6306857,3.0,1.49841841838
1566957943.37,-34.803706,138.630686,-11,-34.8037049,138.6306857,3.0,1.86269840006
1566957943.42,-34.803706,138.630686,-56,-34.8037049,138.6306857,3.0,-9.06731029556
1566957943.48,-34.803706,138.630686,-213,-34.8037049,138.6306857,3.0,-5.94989764161
1566957943.54,-34.803706,138.630686,-236,-34.8037049,138.6306857,3.0,1.78644199463
1566957943.59,-34.803706,138.630686,53,-34.8037049,138.6306857,3.0,0.374345478628
1566957943.65,-34.803706,138.630686,-196,-34.8037049,138.6306857,3.0,-3.59793381227
1566957943.7,-34.803706,138.630686,-11,-34.8037049,138.6306857,3.0,1.86269840006
1566957943.75,-34.803706,138.630686,-298,-34.8037049,138.6306857,3.0,-8.75828539185
1566957943.79,-34.803706,138.630686,-33,-34.8037049,138.6306857,3.0,1.86269010464
1566957943.85,-34.803706,138.630686,-101,-34.8037049,138.6306857,3.0,0.336069505429
1566957943.9,-34.803706,138.630686,-118,-34.8037049,138.6306857,3.0,-0.609402772907
1566957943.96,-34.803706,138.630686,-146,-34.8037049,138.6306857,3.0,-0.521248863051
1566957944.01,-34.803706,138.630686,-236,-34.8037049,138.6306857,3.0,1.78644199463
1566957944.07,-34.803706,138.630686,-253,-34.8037049,138.6306857,3.0,1.86215089074
1566957944.12,-34.803706,138.630686,30,-34.8037049,138.6306857,3.0,-0.579785737512
1566957944.17,-34.803706,138.630686,-191,-34.8037049,138.6306857,3.0,-5.93086037813
1566957944.22,-34.803706,138.630686,53,-34.8037049,138.6306857,3.0,0.374345478628
1566957944.28,-34.803706,138.630686,-275,-34.8037049,138.6306857,3.0,1.86205134112
1566957944.33,-34.803706,138.630686,-202,-34.8037049,138.6306857,3.0,1.07518610084
1566957944.38,-34.803706,138.630686,-242,-34.8037049,138.6306857,3.0,-37.5093729046
1566957944.44,-34.803706,138.630686,-371,-34.8037049,138.6306857,3.0,-1.6518391236
1566957944.49,-34.803706,138.630686,-202,-34.8037049,138.6306857,3.0,1.07518610084
1566957944.54,-34.803706,138.630686,-388,-34.8037049,138.6306857,3.0,-0.442259117312
1566957944.6,-34.803706,138.630686,-67,-34.8037049,138.6306857,3.0,1.49590304308
1566957944.63,-34.803706,138.630686,-213,-34.8037049,138.6306857,3.0,-5.94989764161
1566957944.68,-34.803706,138.630686,-50,-34.8037049,138.6306857,3.0,1.77104096575
1566957944.73,-34.803706,138.630686,-78,-34.8037049,138.6306857,3.0,-9.03871648924
1566957944.78,-34.803706,138.630686,-253,-34.8037049,138.6306857,3.0,1.86215089074
1566957944.83,-34.803706,138.630686,-275,-34.8037049,138.6306857,3.0,1.86205134112
1566957944.9,-34.803706,138.630686,-337,-34.8037049,138.6306857,3.0,-5.48845700583
1566957944.94,-34.803706,138.630686,0,-34.8037049,138.6306857,3.0,-5.48845700583
1566957945.0,-34.803706,138.630686,-304,-34.8037049,138.6306857,3.0,0.985486306433
1566957945.05,-34.803706,138.630686,-292,-34.8037049,138.6306857,3.0,1.75689115993
1566957945.11,-34.803706,138.630686,-287,-34.8037049,138.6306857,3.0,1.4702519606
1566957945.16,-34.803706,138.630686,-337,-34.8037049,138.6306857,3.0,-5.48845700583
1566957945.22,-34.803706,138.630686,-50,-34.8037049,138.6306857,3.0,1.77104096575
1566957945.26,-34.803706,138.630686,0,-34.8037049,138.6306857,3.0,1.77104096575
1566957945.31,-34.803706,138.630686,-354,-34.8037049,138.6306857,3.0,-3.27020700326
1566957945.37,-34.803706,138.630686,-146,-34.8037049,138.6306857,3.0,-0.521248863051
1566957945.42,-34.803706,138.630686,-140,-34.8037049,138.6306857,3.0,-0.616843611879
1566957945.47,-34.803706,138.630686,-270,-34.8037049,138.6306857,3.0,1.75821995459
1566957945.53,-34.803706,138.630686,70,-34.8037049,138.6306857,3.0,1.05229769636
1566957945.57,-34.803706,138.630686,166,-34.8037049,138.6306857,3.0,-8.9253555191
1566957945.62,-34.803706,138.630686,-112,-34.8037049,138.6306857,3.0,-3.41224796058
1566957945.67,-34.803706,138.630686,185,-34.8037049,138.6306857,3.0,0.406697496175
1566957945.73,-34.803706,138.630686,-101,-34.8037049,138.6306857,3.0,0.336069505429
1566957945.77,-34.803706,138.630686,185,-34.8037049,138.6306857,3.0,0.406697496175
1566957945.83,-34.803706,138.630686,95,-34.8037049,138.6306857,3.0,-5.68784008224
1566957945.88,-34.803706,138.630686,-101,-34.8037049,138.6306857,3.0,0.336069505429
1566957945.94,-34.803706,138.630686,22,-34.8037049,138.6306857,3.0,-58.3370608281
1566957945.98,-34.803706,138.630686,-22,-34.8037049,138.6306857,3.0,-58.3370608281
1566957946.04,-34.803706,138.630686,222,-34.8037049,138.6306857,3.0,-3.3472713054
1566957946.09,-34.803706,138.630686,-33,-34.8037049,138.6306857,3.0,1.86269010464
1566957946.14,-34.803706,138.630686,115,-34.8037049,138.6306857,3.0,-15.3866375725
1566957946.18,-34.803706,138.630686,-84,-34.8037049,138.6306857,3.0,1.02513954581
1566957946.23,-34.803706,138.630686,36,-34.8037049,138.6306857,3.0,-0.557725902558
1566957946.28,-34.803706,138.630686,171,-34.8037049,138.6306857,3.0,-14.6253624754
1566957946.33,-34.803706,138.630686,25,-34.8037049,138.6306857,3.0,-1.825466039
1566957946.38,-34.803706,138.630686,-101,-34.8037049,138.6306857,3.0,0.336069505429
1566957946.44,-34.803706,138.630686,95,-34.8037049,138.6306857,3.0,-5.68784008224
1566957946.49,-34.803706,138.630686,157,-34.8037049,138.6306857,3.0,-1.88472565384
1566957946.55,-34.803706,138.630686,-33,-34.8037049,138.6306857,3.0,1.86269010464
1566957946.6,-34.803706,138.630686,-73,-34.8037049,138.6306857,3.0,-5.70624506393
1566957946.66,-34.803706,138.630686,36,-34.8037049,138.6306857,3.0,-0.557725902558
1566957946.71,-34.803706,138.630686,95,-34.8037049,138.6306857,3.0,-5.68784008224
1566957946.78,-34.803706,138.630686,152,-34.8037049,138.6306857,3.0,-3.57106293145
1566957946.81,-34.803706,138.630686,-219,-34.8037049,138.6306857,3.0,1.52790073805
1566957946.86,-34.803706,138.630686,84,-34.8037049,138.6306857,3.0,1.02513954581
1566957946.91,-34.803706,138.630686,64,-34.8037049,138.6306857,3.0,-3.51766831149
1566957946.96,-34.803706,138.630686,-28,-34.8037049,138.6306857,3.0,1.77227642826
1566957947.01,-34.803706,138.630686,-140,-34.8037049,138.6306857,3.0,-0.616843611879
1566957947.06,-34.803706,138.630686,146,-34.8037049,138.6306857,3.0,-0.521248863051
1566957947.11,-34.803706,138.630686,39,-34.8037049,138.6306857,3.0,-14.9682767214
1566957947.17,-34.803706,138.630686,-174,-34.8037049,138.6306857,3.0,-3.5844838327
1566957947.21,-34.803706,138.630686,-73,-34.8037049,138.6306857,3.0,-5.70624506393
1566957947.26,-34.803706,138.630686,-140,-34.8037049,138.6306857,3.0,-0.616843611879
1566957947.32,-34.803706,138.630686,-208,-34.8037049,138.6306857,3.0,-9.41865155724
1566957947.37,-34.803706,138.630686,11,-34.8037049,138.6306857,3.0,1.86269840006
1566957947.43,-34.803706,138.630686,-28,-34.8037049,138.6306857,3.0,1.77227642826
1566957947.48,-34.803706,138.630686,-45,-34.8037049,138.6306857,3.0,1.49841841838
1566957947.53,-34.803706,138.630686,-56,-34.8037049,138.6306857,3.0,-9.06731029556
1566957947.58,-34.803706,138.630686,-90,-34.8037049,138.6306857,3.0,-3.42532679842
1566957947.63,-34.803706,138.630686,135,-34.8037049,138.6306857,3.0,-1.87480016273
1566957947.68,-34.803706,138.630686,5,-34.8037049,138.6306857,3.0,-15.0857252504
1566957947.74,-34.803706,138.630686,-101,-34.8037049,138.6306857,3.0,0.336069505429
1566957947.79,-34.803706,138.630686,-174,-34.8037049,138.6306857,3.0,-3.5844838327
1566957947.84,-34.803706,138.630686,-152,-34.8037049,138.6306857,3.0,-3.57106293145
1566957947.88,-34.803706,138.630686,-169,-34.8037049,138.6306857,3.0,-5.91187302557
1566957947.93,-34.803706,138.630686,76,-34.8037049,138.6306857,3.0,-9.24105527463
1566957947.98,-34.803706,138.630686,8,-34.8037049,138.6306857,3.0,-0.572417934599
1566957948.02,-34.803706,138.630686,-265,-34.8037049,138.6306857,3.0,1.47285783949
1566957948.08,-34.803706,138.630686,5,-34.8037049,138.6306857,3.0,-15.0857252504
1566957948.13,-34.803706,138.630686,90,-34.8037049,138.6306857,3.0,-3.42532679842
1566957948.19,-34.803706,138.630686,-16,-34.8037049,138.6306857,3.0,1.77472194586
1566957948.24,-34.803706,138.630686,-33,-34.8037049,138.6306857,3.0,1.86269010464
1566957948.28,-34.803706,138.630686,-152,-34.8037049,138.6306857,3.0,-3.57106293145
1566957948.34,-34.803706,138.630686,-78,-34.8037049,138.6306857,3.0,-9.03871648924
1566957948.38,-34.803706,138.630686,-45,-34.8037049,138.6306857,3.0,1.49841841838
1566957948.43,-34.803706,138.630686,-62,-34.8037049,138.6306857,3.0,1.02904938929
1566957948.49,-34.803706,138.630686,121,-34.8037049,138.6306857,3.0,1.86257396814
1566957948.53,-34.803706,138.630686,-146,-34.8037049,138.6306857,3.0,-0.521248863051
1566957948.59,-34.803706,138.630686,-231,-34.8037049,138.6306857,3.0,1.86224214389
1566957948.64,-34.803706,138.630686,-236,-34.8037049,138.6306857,3.0,1.78644199463
1566957948.7,-34.803706,138.630686,-152,-34.8037049,138.6306857,3.0,-3.57106293145
1566957948.76,-34.803706,138.630686,-174,-34.8037049,138.6306857,3.0,-3.5844838327
1566957948.82,-34.803706,138.630686,-152,-34.8037049,138.6306857,3.0,-3.57106293145
1566957948.87,-34.803706,138.630686,-33,-34.8037049,138.6306857,3.0,1.86269010464
1566957948.94,-34.803706,138.630686,-191,-34.8037049,138.6306857,3.0,-5.93086037813
1566957948.99,-34.803706,138.630686,-84,-34.8037049,138.6306857,3.0,1.02513954581
1566957949.05,-34.803706,138.630686,78,-34.8037049,138.6306857,3.0,-9.03871648924
1566957949.1,-34.803706,138.630686,50,-34.8037049,138.6306857,3.0,1.77104096575
1566957949.16,-34.803706,138.630686,-90,-34.8037049,138.6306857,3.0,-3.42532679842
1566957949.21,-34.803706,138.630686,-180,-34.8037049,138.6306857,3.0,1.07139627921
1566957949.25,-34.803706,138.630686,90,-34.8037049,138.6306857,3.0,-3.42532679842
1566957949.3,-34.803706,138.630686,39,-34.8037049,138.6306857,3.0,-14.9682767214
1566957949.36,-34.803706,138.630686,301,-34.8037049,138.6306857,3.0,-6.02655021206
1566957949.41,-34.803706,138.630686,276,-34.8037049,138.6306857,3.0,-8.78588755324
1566957949.47,-34.803706,138.630686,296,-34.8037049,138.6306857,3.0,-9.53926766929
1566957949.52,-34.803706,138.630686,-39,-34.8037049,138.6306857,3.0,-14.9682767214
1566957949.57,-34.803706,138.630686,33,-34.8037049,138.6306857,3.0,1.86269010464
1566957949.62,-34.803706,138.630686,-50,-34.8037049,138.6306857,3.0,1.77104096575
1566957949.67,-34.803706,138.630686,-78,-34.8037049,138.6306857,3.0,-9.03871648924
1566957949.72,-34.803706,138.630686,110,-34.8037049,138.6306857,3.0,-44.3576938454
1566957949.78,-34.803706,138.630686,5,-34.8037049,138.6306857,3.0,-15.0857252504
1566957949.82,-34.803706,138.630686,-33,-34.8037049,138.6306857,3.0,1.86269010464
1566957949.89,-34.803706,138.630686,245,-34.8037049,138.6306857,3.0,-1.92462467133
1566957949.93,-34.803706,138.630686,-56,-34.8037049,138.6306857,3.0,-9.06731029556
1566957949.98,-34.803706,138.630686,-73,-34.8037049,138.6306857,3.0,-5.70624506393
1566957950.02,-34.803706,138.630686,45,-34.8037049,138.6306857,3.0,1.49841841838
1566957950.08,-34.803706,138.630686,25,-34.8037049,138.6306857,3.0,-1.825466039
1566957950.13,-34.803706,138.630686,124,-34.8037049,138.6306857,3.0,-0.528515448974
1566957950.18,-34.803706,138.630686,-101,-34.8037049,138.6306857,3.0,0.336069505429
1566957950.22,-34.803706,138.630686,5,-34.8037049,138.6306857,3.0,-15.0857252504
1566957950.27,-34.803706,138.630686,5,-34.8037049,138.6306857,3.0,-15.0857252504
1566957950.33,-34.803706,138.630686,-28,-34.8037049,138.6306857,3.0,1.77227642826
1566957950.39,-34.803706,138.630686,245,-34.8037049,138.6306857,3.0,-1.92462467133
1566957950.44,-34.803706,138.630686,-39,-34.8037049,138.6306857,3.0,-14.9682767214
1566957950.49,-34.803706,138.630686,149,-34.8037049,138.6306857,3.0,-14.6815623719
1566957950.53,-34.803706,138.630686,285,-34.8037049,138.6306857,3.0,1.53506937377
1566957950.58,-34.803706,138.630686,-79,-34.8037049,138.6306857,3.0,0.341572751542
1566957950.62,-34.803706,138.630686,208,-34.8037049,138.6306857,3.0,-9.41865155724
1566957950.67,-34.803706,138.630686,296,-34.8037049,138.6306857,3.0,-9.53926766929
1566957950.71,-34.803706,138.630686,138,-34.8037049,138.6306857,3.0,1.7660143677
1566957950.78,-34.803706,138.630686,330,-34.8037049,138.6306857,3.0,-34.8155453535
1566957950.83,-34.803706,138.630686,279,-34.8037049,138.6306857,3.0,-6.00731109677
1566957950.89,-34.803706,138.630686,245,-34.8037049,138.6306857,3.0,-1.92462467133
1566957950.94,-34.803706,138.630686,79,-34.8037049,138.6306857,3.0,0.341572751542
1566957951.0,-34.803706,138.630686,149,-34.8037049,138.6306857,3.0,-14.6815623719
1566957951.05,-34.803706,138.630686,214,-34.8037049,138.6306857,3.0,1.78530801727
1566957951.11,-34.803706,138.630686,84,-34.8037049,138.6306857,3.0,1.02513954581
1566957951.15,-34.803706,138.630686,-79,-34.8037049,138.6306857,3.0,0.341572751542
1566957951.22,-34.803706,138.630686,28,-34.8037049,138.6306857,3.0,1.77227642826
1566957951.25,-34.803706,138.630686,183,-34.8037049,138.6306857,3.0,-5.61469012251
