1566958068.46,-34.803706,138.630686,-183,-34.8037049,138.6306857,3.0,-5.61469012251
1566958068.5,-34.803706,138.630686,188,-34.8037049,138.6306857,3.0,-8.8972655525
1566958068.55,-34.803706,138.630686,199,-34.8037049,138.6306857,3.0,1.48062105068
1566958068.6,-34.803706,138.630686,-133,-34.8037049,138.6306857,3.0,1.48830273727
1566958068.66,-34.803706,138.630686,-110,-34.8037049,138.6306857,3.0,-44.3576938454
1566958068.71,-34.803706,138.630686,-77,-34.8037049,138.6306857,3.0,1.86264862744
1566958068.77,-34.803706,138.630686,83,-34.8037049,138.6306857,3.0,-14.8524278809
1566958068.82,-34.803706,138.630686,19,-34.8037049,138.6306857,3.0,-1.80586845264
1566958068.87,-34.803706,138.630686,211,-34.8037049,138.6306857,3.0,0.308376129133
1566958068.92,-34.803706,138.630686,30,-34.8037049,138.6306857,3.0,-0.579785737512
1566958068.99,-34.803706,138.630686,-128,-34.8037049,138.6306857,3.0,1.01728967012
1566958069.04,-34.803706,138.630686,38,-34.8037049,138.6306857,3.0,1.7759320057
1566958069.09,-34.803706,138.630686,77,-34.8037049,138.6306857,3.0,1.86264862744
1566958069.15,-34.803706,138.630686,-33,-34.8037049,138.6306857,3.0,1.86269010464
1566958069.2,-34.803706,138.630686,-89,-34.8037049,138.6306857,3.0,1.49337864126
1566958069.24,-34.803706,138.630686,-11,-34.8037049,138.6306857,3.0,1.86269840006
1566958069.28,-34.803706,138.630686,261,-34.8037049,138.6306857,3.0,-1.69945290213
1566958069.33,-34.803706,138.630686,-77,-34.8037049,138.6306857,3.0,1.86264862744
1566958069.38,-34.803706,138.630686,208,-34.8037049,138.6306857,3.0,-9.41865155724
1566958069.43,-34.803706,138.630686,-122,-34.8037049,138.6306857,3.0,-8.98183447847
1566958069.49,-34.803706,138.630686,203,-34.8037049,138.6306857,3.0,-15.6352601112
1566958069.53,-34.803706,138.630686,-44,-34.8037049,138.6306857,3.0,-52.3164650625
1566958069.57,-34.803706,138.630686,75,-34.8037049,138.6306857,3.0,0.379766612358
1566958069.62,-34.803706,138.630686,11,-34.8037049,138.6306857,3.0,1.86269840006
1566958069.68,-34.803706,138.630686,267,-34.8037049,138.6306857,3.0,-1.93464891519
1566958069.73,-34.803706,138.630686,94,-34.8037049,138.6306857,3.0,1.76854462118
1566958069.8,-34.803706,138.630686,139,-34.8037049,138.6306857,3.0,-5.6511715056
1566958069.85,-34.803706,138.630686,-105,-34.8037049,138.6306857,3.0,-14.795090118
1566958069.9,-34.803706,138.630686,-55,-34.8037049,138.6306857,3.0,1.86267351377
1566958069.94,-34.803706,138.630686,-105,-34.8037049,138.6306857,3.0,-14.795090118
1566958070.01,-34.803706,138.630686,248,-34.8037049,138.6306857,3.0,1.75954025201
1566958070.06,-34.803706,138.630686,-16,-34.8037049,138.6306857,3.0,1.77472194586
1566958070.11,-34.803706,138.630686,312,-34.8037049,138.6306857,3.0,1.09398621147
1566958070.16,-34.803706,138.630686,103,-34.8037049,138.6306857,3.0,-5.85520826414
1566958070.22,-34.803706,138.630686,318,-34.8037049,138.6306857,3.0,-9.56970611875
1566958070.26,-34.803706,138.630686,248,-34.8037049,138.6306857,3.0,1.75954025201
1566958070.31,-34.803706,138.630686,326,-34.8037049,138.6306857,3.0,0.981465299448
1566958070.35,-34.803706,138.630686,-5,-34.8037049,138.6306857,3.0,-15.0857252504
1566958070.41,-34.803706,138.630686,153,-34.8037049,138.6306857,3.0,1.52065146014
1566958070.46,-34.803706,138.630686,187,-34.8037049,138.6306857,3.0,1.86239976146
1566958070.51,-34.803706,138.630686,198,-34.8037049,138.6306857,3.0,-39.2523211158
1566958070.57,-34.803706,138.630686,64,-34.8037049,138.6306857,3.0,-3.51766831149
1566958070.62,-34.803706,138.630686,167,-34.8037049,138.6306857,3.0,0.31948896878
1566958070.67,-34.803706,138.630686,139,-34.8037049,138.6306857,3.0,-5.6511715056
1566958070.74,-34.803706,138.630686,19,-34.8037049,138.6306857,3.0,-1.80586845264
1566958070.78,-34.803706,138.630686,83,-34.8037049,138.6306857,3.0,-14.8524278809
1566958070.85,-34.803706,138.630686,120,-34.8037049,138.6306857,3.0,-9.299818379
1566958070.89,-34.803706,138.630686,298,-34.8037049,138.6306857,3.0,-8.75828539185
1566958070.95,-34.803706,138.630686,75,-34.8037049,138.6306857,3.0,0.379766612358
1566958070.99,-34.803706,138.630686,187,-34.8037049,138.6306857,3.0,1.86239976146
1566958071.03,-34.803706,138.630686,159,-34.8037049,138.6306857,3.0,-15.5100427193
1566958071.08,-34.803706,138.630686,248,-34.8037049,138.6306857,3.0,1.75954025201
1566958071.12,-34.803706,138.630686,301,-34.8037049,138.6306857,3.0,-6.02655021206
1566958071.17,-34.803706,138.630686,307,-34.8037049,138.6306857,3.0,1.53744102164
1566958071.23,-34.803706,138.630686,-78,-34.8037049,138.6306857,3.0,-9.03871648924
1566958071.27,-34.803706,138.630686,-145,-34.8037049,138.6306857,3.0,0.325027629055
1566958071.33,-34.803706,138.630686,-341,-34.8037049,138.6306857,3.0,1.86170291146
1566958071.37,-34.803706,138.630686,-201,-34.8037049,138.6306857,3.0,-1.90463566261
1566958071.43,-34.803706,138.630686,81,-34.8037049,138.6306857,3.0,-5.83641839297
1566958071.48,-34.803706,138.630686,-145,-34.8037049,138.6306857,3.0,0.325027629055
1566958071.53,-34.803706,138.630686,-330,-34.8037049,138.6306857,3.0,-34.8155453535
1566958071.59,-34.803706,138.630686,-44,-34.8037049,138.6306857,3.0,-52.3164650625
1566958071.65,-34.803706,138.630686,-55,-34.8037049,138.6306857,3.0,1.86267351377
1566958071.7,-34.803706,138.630686,-167,-34.8037049,138.6306857,3.0,0.31948896878
1566958071.76,-34.803706,138.630686,11,-34.8037049,138.6306857,3.0,1.86269840006
1566958071.82,-34.803706,138.630686,-5,-34.8037049,138.6306857,3.0,-15.0857252504
1566958071.87,-34.803706,138.630686,-190,-34.8037049,138.6306857,3.0,-0.506758753786
1566958071.93,-34.803706,138.630686,-246,-34.8037049,138.6306857,3.0,1.08273591855
1566958071.98,-34.803706,138.630686,-145,-34.8037049,138.6306857,3.0,0.325027629055
1566958072.03,-34.803706,138.630686,-145,-34.8037049,138.6306857,3.0,0.325027629055
1566958072.08,-34.803706,138.630686,55,-34.8037049,138.6306857,3.0,1.86267351377
1566958072.12,-34.803706,138.630686,44,-34.8037049,138.6306857,3.0,-52.3164650625
1566958072.19,-34.803706,138.630686,-123,-34.8037049,138.6306857,3.0,0.330554469649
1566958072.24,-34.803706,138.630686,-16,-34.8037049,138.6306857,3.0,1.77472194586
1566958072.3,-34.803706,138.630686,-229,-34.8037049,138.6306857,3.0,0.417388552499
1566958072.35,-34.803706,138.630686,-274,-34.8037049,138.6306857,3.0,-9.50894378112
1566958072.4,-34.803706,138.630686,-44,-34.8037049,138.6306857,3.0,-52.3164650625
1566958072.45,-34.803706,138.630686,-212,-34.8037049,138.6306857,3.0,-0.499535183468
1566958072.5,-34.803706,138.630686,44,-34.8037049,138.6306857,3.0,-52.3164650625
1566958072.53,-34.803706,138.630686,224,-34.8037049,138.6306857,3.0,1.07896597781
1566958072.58,-34.803706,138.630686,-117,-34.8037049,138.6306857,3.0,-5.66948229637
1566958072.62,-34.803706,138.630686,42,-34.8037049,138.6306857,3.0,-3.50439146079
1566958072.68,-34.803706,138.630686,221,-34.8037049,138.6306857,3.0,1.47804237919
1566958072.74,-34.803706,138.630686,114,-34.8037049,138.6306857,3.0,1.0599670594
1566958072.79,-34.803706,138.630686,-78,-34.8037049,138.6306857,3.0,-9.03871648924
1566958072.83,-34.803706,138.630686,5,-34.8037049,138.6306857,3.0,-15.0857252504
1566958072.89,-34.803706,138.630686,179,-34.8037049,138.6306857,3.0,-1.89467080604
1566958072.95,-34.803706,138.630686,221,-34.8037049,138.6306857,3.0,1.47804237919
1566958073.01,-34.803706,138.630686,106,-34.8037049,138.6306857,3.0,1.02121964241
1566958073.06,-34.803706,138.630686,106,-34.8037049,138.6306857,3.0,1.02121964241
1566958073.12,-34.803706,138.630686,75,-34.8037049,138.6306857,3.0,0.379766612358
1566958073.17,-34.803706,138.630686,201,-34.8037049,138.6306857,3.0,-1.90463566261
1566958073.22,-34.803706,138.630686,70,-34.8037049,138.6306857,3.0,1.05229769636
1566958073.28,-34.803706,138.630686,151,-34.8037049,138.6306857,3.0,-1.74753765958
1566958073.33,-34.803706,138.630686,224,-34.8037049,138.6306857,3.0,1.07896597781
1566958073.39,-34.803706,138.630686,165,-34.8037049,138.6306857,3.0,1.86246612619
1566958073.43,-34.803706,138.630686,126,-34.8037049,138.6306857,3.0,1.78068764015
1566958073.49,-34.803706,138.630686,112,-34.8037049,138.6306857,3.0,-3.41224796058
1566958073.55,-34.803706,138.630686,22,-34.8037049,138.6306857,3.0,-58.3370608281
1566958073.6,-34.803706,138.630686,156,-34.8037049,138.6306857,3.0,-3.38617404214
1566958073.66,-34.803706,138.630686,0,-34.8037049,138.6306857,3.0,-3.38617404214
1566958073.71,-34.803706,138.630686,-22,-34.8037049,138.6306857,3.0,-58.3370608281
1566958073.74,-34.803706,138.630686,56,-34.8037049,138.6306857,3.0,-9.06731029556
1566958073.8,-34.803706,138.630686,75,-34.8037049,138.6306857,3.0,0.379766612358
1566958073.85,-34.803706,138.630686,89,-34.8037049,138.6306857,3.0,1.49337864126
1566958073.91,-34.803706,138.630686,-100,-34.8037049,138.6306857,3.0,-9.01022477316
1566958073.96,-34.803706,138.630686,201,-34.8037049,138.6306857,3.0,-1.90463566261
1566958074.02,-34.803706,138.630686,112,-34.8037049,138.6306857,3.0,-3.41224796058
1566958074.07,-34.803706,138.630686,184,-34.8037049,138.6306857,3.0,-0.631769362278
1566958074.11,-34.803706,138.630686,221,-34.8037049,138.6306857,3.0,1.47804237919
1566958074.17,-34.803706,138.630686,291,-34.8037049,138.6306857,3.0,-15.8913460899
1566958074.21,-34.803706,138.630686,255,-34.8037049,138.6306857,3.0,0.297215828755
1566958074.27,-34.803706,138.630686,131,-34.8037049,138.6306857,3.0,1.51821709047
1566958074.32,-34.803706,138.630686,-78,-34.8037049,138.6306857,3.0,-9.03871648924
1566958074.38,-34.803706,138.630686,140,-34.8037049,138.6306857,3.0,-0.616843611879
1566958074.43,-34.803706,138.630686,-112,-34.8037049,138.6306857,3.0,-3.41224796058
1566958074.48,-34.803706,138.630686,151,-34.8037049,138.6306857,3.0,-1.74753765958
1566958074.53,-34.803706,138.630686,266,-34.8037049,138.6306857,3.0,-3.32147394414
1566958074.58,-34.803706,138.630686,285,-34.8037049,138.6306857,3.0,1.53506937377
1566958074.64,-34.803706,138.630686,190,-34.8037049,138.6306857,3.0,-0.506758753786
1566958074.69,-34.803706,138.630686,-84,-34.8037049,138.6306857,3.0,1.02513954581
1566958074.74,-34.803706,138.630686,75,-34.8037049,138.6306857,3.0,0.379766612358
1566958074.79,-34.803706,138.630686,86,-34.8037049,138.6306857,3.0,-3.53097379597
1566958074.84,-34.803706,138.630686,120,-34.8037049,138.6306857,3.0,-9.299818379
1566958074.89,-34.803706,138.630686,-44,-34.8037049,138.6306857,3.0,-52.3164650625
1566958074.95,-34.803706,138.630686,44,-34.8037049,138.6306857,3.0,-52.3164650625
1566958075.01,-34.803706,138.630686,-100,-34.8037049,138.6306857,3.0,-9.01022477316
1566958075.06,-34.803706,138.630686,204,-34.8037049,138.6306857,3.0,1.76215536494
1566958075.1,-34.803706,138.630686,-56,-34.8037049,138.6306857,3.0,-9.06731029556
1566958075.16,-34.803706,138.630686,-56,-34.8037049,138.6306857,3.0,-9.06731029556
1566958075.2,-34.803706,138.630686,61,-34.8037049,138.6306857,3.0,-14.9101550123
1566958075.24,-34.803706,138.630686,229,-34.8037049,138.6306857,3.0,0.417388552499
1566958075.28,-34.803706,138.630686,151,-34.8037049,138.6306857,3.0,-1.74753765958
1566958075.34,-34.803706,138.630686,36,-34.8037049,138.6306857,3.0,-0.557725902558
1566958075.38,-34.803706,138.630686,-56,-34.8037049,138.6306857,3.0,-9.06731029556
1566958075.44,-34.803706,138.630686,95,-34.8037049,138.6306857,3.0,-5.68784008224
1566958075.5,-34.803706,138.630686,-123,-34.8037049,138.6306857,3.0,0.330554469649
1566958075.56,-34.803706,138.630686,241,-34.8037049,138.6306857,3.0,1.53029923696
1566958075.61,-34.803706,138.630686,-22,-34.8037049,138.6306857,3.0,-58.3370608281
1566958075.65,-34.803706,138.630686,224,-34.8037049,138.6306857,3.0,1.07896597781
1566958075.7,-34.803706,138.630686,-112,-34.8037049,138.6306857,3.0,-3.41224796058
1566958075.74,-34.803706,138.630686,260,-34.8037049,138.6306857,3.0,0.993497874155
1566958075.79,-34.803706,138.630686,269,-34.8037049,138.6306857,3.0,-15.8266007896
1566958075.83,-34.803706,138.630686,-22,-34.8037049,138.6306857,3.0,-58.3370608281
1566958075.88,-34.803706,138.630686,255,-34.8037049,138.6306857,3.0,0.297215828755
1566958075.95,-34.803706,138.630686,5,-34.8037049,138.6306857,3.0,-15.0857252504
1566958075.98,-34.803706,138.630686,221,-34.8037049,138.6306857,3.0,1.47804237919
1566958076.06,-34.803706,138.630686,-39,-34.8037049,138.6306857,3.0,-14.9682767214
1566958076.11,-34.803706,138.630686,285,-34.8037049,138.6306857,3.0,1.53506937377
1566958076.17,-34.803706,138.630686,215,-34.8037049,138.6306857,3.0,-14.5140665557
1566958076.21,-34.803706,138.630686,-67,-34.8037049,138.6306857,3.0,1.49590304308
1566958076.26,-34.803706,138.630686,-44,-34.8037049,138.6306857,3.0,-52.3164650625
1566958076.32,-34.803706,138.630686,50,-34.8037049,138.6306857,3.0,1.77104096575
1566958076.38,-34.803706,138.630686,246,-34.8037049,138.6306857,3.0,1.08273591855
1566958076.43,-34.803706,138.630686,22,-34.8037049,138.6306857,3.0,-58.3370608281
1566958076.47,-34.803706,138.630686,86,-34.8037049,138.6306857,3.0,-3.53097379597
1566958076.51,-34.803706,138.630686,260,-34.8037049,138.6306857,3.0,0.993497874155
1566958076.58,-34.803706,138.630686,201,-34.8037049,138.6306857,3.0,-1.90463566261
1566958076.64,-34.803706,138.630686,159,-34.8037049,138.6306857,3.0,-15.5100427193
1566958076.69,-34.803706,138.630686,0,-34.8037049,138.6306857,3.0,-15.5100427193
1566958076.75,-34.803706,138.630686,-22,-34.8037049,138.6306857,3.0,-58.3370608281
1566958076.79,-34.803706,138.630686,269,-34.8037049,138.6306857,3.0,-15.8266007896
1566958076.85,-34.803706,138.630686,16,-34.8037049,138.6306857,3.0,1.77472194586
1566958076.9,-34.803706,138.630686,201,-34.8037049,138.6306857,3.0,-1.90463566261
1566958076.96,-34.803706,138.630686,-78,-34.8037049,138.6306857,3.0,-9.03871648924
1566958077.0,-34.803706,138.630686,184,-34.8037049,138.6306857,3.0,-0.631769362278
1566958077.06,-34.803706,138.630686,114,-34.8037049,138.6306857,3.0,1.0599670594
1566958077.11,-34.803706,138.630686,100,-34.8037049,138.6306857,3.0,-9.01022477316
1566958077.15,-34.803706,138.630686,67,-34.8037049,138.6306857,3.0,1.49590304308
1566958077.19,-34.803706,138.630686,-22,-34.8037049,138.6306857,3.0,-58.3370608281
1566958077.25,-34.803706,138.630686,-33,-34.8037049,138.6306857,3.0,1.86269010464
1566958077.3,-34.803706,138.630686,246,-34.8037049,138.6306857,3.0,1.08273591855
1566958077.36,-34.803706,138.630686,22,-34.8037049,138.6306857,3.0,-58.3370608281
1566958077.4,-34.803706,138.630686,269,-34.8037049,138.6306857,3.0,-15.8266007896
1566958077.45,-34.803706,138.630686,-11,-34.8037049,138.6306857,3.0,1.86269840006
1566958077.5,-34.803706,138.630686,67,-34.8037049,138.6306857,3.0,1.49590304308
1566958077.56,-34.803706,138.630686,30,-34.8037049,138.6306857,3.0,-0.579785737512
1566958077.61,-34.803706,138.630686,-100,-34.8037049,138.6306857,3.0,-9.01022477316
1566958077.67,-34.803706,138.630686,67,-34.8037049,138.6306857,3.0,1.49590304308
1566958077.71,-34.803706,138.630686,-117,-34.8037049,138.6306857,3.0,-5.66948229637
1566958077.78,-34.803706,138.630686,201,-34.8037049,138.6306857,3.0,-1.90463566261
1566958077.83,-34.803706,138.630686,56,-34.8037049,138.6306857,3.0,-9.06731029556
1566958077.89,-34.803706,138.630686,221,-34.8037049,138.6306857,3.0,1.47804237919
1566958077.94,-34.803706,138.630686,190,-34.8037049,138.6306857,3.0,-0.506758753786
1566958077.99,-34.803706,138.630686,16,-34.8037049,138.6306857,3.0,1.77472194586
1566958078.04,-34.803706,138.630686,-5,-34.8037049,138.6306857,3.0,-15.0857252504
1566958078.1,-34.803706,138.630686,-67,-34.8037049,138.6306857,3.0,1.49590304308
1566958078.15,-34.803706,138.630686,269,-34.8037049,138.6306857,3.0,-15.8266007896
1566958078.2,-34.803706,138.630686,-33,-34.8037049,138.6306857,3.0,1.86269010464
1566958078.24,-34.803706,138.630686,-22,-34.8037049,138.6306857,3.0,-58.3370608281
1566958078.3,-34.803706,138.630686,-11,-34.8037049,138.6306857,3.0,1.86269840006
1566958078.34,-34.803706,138.630686,-67,-34.8037049,138.6306857,3.0,1.49590304308
1566958078.4,-34.803706,138.630686,221,-34.8037049,138.6306857,3.0,1.47804237919
1566958078.43,-34.803706,138.630686,269,-34.8037049,138.6306857,3.0,-15.8266007896
1566958078.48,-34.803706,138.630686,-84,-34.8037049,138.6306857,3.0,1.02513954581
1566958078.52,-34.803706,138.630686,120,-34.8037049,138.6306857,3.0,-9.299818379
1566958078.56,-34.803706,138.630686,131,-34.8037049,138.6306857,3.0,1.51821709047
1566958078.6,-34.803706,138.630686,0,-34.8037049,138.6306857,3.0,1.51821709047
1566958078.67,-34.803706,138.630686,70,-34.8037049,138.6306857,3.0,1.05229769636
1566958078.72,-34.803706,138.630686,165,-34.8037049,138.6306857,3.0,1.86246612619
1566958078.77,-34.803706,138.630686,-112,-34.8037049,138.6306857,3.0,-3.41224796058
1566958078.82,-34.803706,138.630686,184,-34.8037049,138.6306857,3.0,-0.631769362278
1566958078.89,-34.803706,138.630686,-100,-34.8037049,138.6306857,3.0,-9.01022477316
1566958078.94,-34.803706,138.630686,184,-34.8037049,138.6306857,3.0,-0.631769362278
1566958078.99,-34.803706,138.630686,95,-34.8037049,138.6306857,3.0,-5.68784008224
1566958079.05,-34.803706,138.630686,-100,-34.8037049,138.6306857,3.0,-9.01022477316
1566958079.11,-34.803706,138.630686,22,-34.8037049,138.6306857,3.0,-58.3370608281
1566958079.16,-34.803706,138.630686,-22,-34.8037049,138.6306857,3.0,-58.3370608281
1566958079.22,-34.803706,138.630686,221,-34.8037049,138.6306857,3.0,1.47804237919
1566958079.26,-34.803706,138.630686,-33,-34.8037049,138.6306857,3.0,1.86269010464
1566958079.33,-34.803706,138.630686,114,-34.8037049,138.6306857,3.0,1.0599670594
1566958079.37,-34.803706,138.630686,-84,-34.8037049,138.6306857,3.0,1.02513954581
1566958079.43,-34.803706,138.630686,36,-34.8037049,138.6306857,3.0,-0.557725902558
1566958079.47,-34.803706,138.630686,170,-34.8037049,138.6306857,3.0,1.78301472682
1566958079.53,-34.803706,138.630686,25,-34.8037049,138.6306857,3.0,-1.825466039
1566958079.58,-34.803706,138.630686,-100,-34.8037049,138.6306857,3.0,-9.01022477316
1566958079.64,-34.803706,138.630686,95,-34.8037049,138.6306857,3.0,-5.68784008224
1566958079.67,-34.803706,138.630686,156,-34.8037049,138.6306857,3.0,-3.38617404214
1566958079.73,-34.803706,138.630686,-33,-34.8037049,138.6306857,3.0,1.86269010464
1566958079.77,-34.803706,138.630686,-72,-34.8037049,138.6306857,3.0,1.76979703086
1566958079.83,-34.803706,138.630686,36,-34.8037049,138.6306857,3.0,-0.557725902558
1566958079.88,-34.803706,138.630686,95,-34.8037049,138.6306857,3.0,-5.68784008224
1566958079.94,-34.803706,138.630686,246,-34.8037049,138.6306857,3.0,1.08273591855
1566958079.99,-34.803706,138.630686,-123,-34.8037049,138.6306857,3.0,0.330554469649
1566958080.05,-34.803706,138.630686,179,-34.8037049,138.6306857,3.0,-1.89467080604
1566958080.1,-34.803706,138.630686,159,-34.8037049,138.6306857,3.0,-15.5100427193
1566958080.15,-34.803706,138.630686,67,-34.8037049,138.6306857,3.0,1.49590304308
1566958080.2,-34.803706,138.630686,-44,-34.8037049,138.6306857,3.0,-52.3164650625
1566958080.25,-34.803706,138.630686,241,-34.8037049,138.6306857,3.0,1.53029923696
1566958080.29,-34.803706,138.630686,134,-34.8037049,138.6306857,3.0,-3.39919707003
1566958080.33,-34.803706,138.630686,-78,-34.8037049,138.6306857,3.0,-9.03871648924
1566958080.38,-34.803706,138.630686,22,-34.8037049,138.6306857,3.0,-58.3370608281
1566958080.42,-34.803706,138.630686,-44,-34.8037049,138.6306857,3.0,-52.3164650625
1566958080.46,-34.803706,138.630686,-112,-34.8037049,138.6306857,3.0,-3.41224796058
1566958080.51,-34.803706,138.630686,106,-34.8037049,138.6306857,3.0,1.02121964241
1566958080.55,-34.803706,138.630686,67,-34.8037049,138.6306857,3.0,1.49590304308
1566958080.6,-34.803706,138.630686,50,-34.8037049,138.6306857,3.0,1.77104096575
1566958080.64,-34.803706,138.630686,36,-34.8037049,138.6306857,3.0,-0.557725902558
1566958080.69,-34.803706,138.630686,5,-34.8037049,138.6306857,3.0,-15.0857252504
1566958080.74,-34.803706,138.630686,229,-34.8037049,138.6306857,3.0,0.417388552499
1566958080.81,-34.803706,138.630686,100,-34.8037049,138.6306857,3.0,-9.01022477316
1566958080.86,-34.803706,138.630686,-5,-34.8037049,138.6306857,3.0,-15.0857252504
1566958080.92,-34.803706,138.630686,-78,-34.8037049,138.6306857,3.0,-9.03871648924
1566958080.98,-34.803706,138.630686,-56,-34.8037049,138.6306857,3.0,-9.06731029556
1566958081.04,-34.803706,138.630686,-72,-34.8037049,138.6306857,3.0,1.76979703086
1566958081.1,-34.803706,138.630686,170,-34.8037049,138.6306857,3.0,1.78301472682
1566958081.16,-34.803706,138.630686,179,-34.8037049,138.6306857,3.0,-1.89467080604
1566958081.21,-34.803706,138.630686,-95,-34.8037049,138.6306857,3.0,-5.68784008224
1566958081.28,-34.803706,138.630686,176,-34.8037049,138.6306857,3.0,-40.2753481903
1566958081.33,-34.803706,138.630686,260,-34.8037049,138.6306857,3.0,0.993497874155
1566958081.4,-34.803706,138.630686,151,-34.8037049,138.6306857,3.0,-1.74753765958
1566958081.44,-34.803706,138.630686,140,-34.8037049,138.6306857,3.0,-0.616843611879
1566958081.5,-34.803706,138.630686,16,-34.8037049,138.6306857,3.0,1.77472194586
1566958081.55,-34.803706,138.630686,89,-34.8037049,138.6306857,3.0,1.49337864126
1566958081.61,-34.803706,138.630686,126,-34.8037049,138.6306857,3.0,1.78068764015
1566958081.67,-34.803706,138.630686,106,-34.8037049,138.6306857,3.0,1.02121964241
1566958081.72,-34.803706,138.630686,291,-34.8037049,138.6306857,3.0,-15.8913460899
1566958081.77,-34.803706,138.630686,22,-34.8037049,138.6306857,3.0,-58.3370608281
1566958081.81,-34.803706,138.630686,-56,-34.8037049,138.6306857,3.0,-9.06731029556
1566958081.86,-34.803706,138.630686,-67,-34.8037049,138.6306857,3.0,1.49590304308
1566958081.9,-34.803706,138.630686,16,-34.8037049,138.6306857,3.0,1.77472194586
1566958081.94,-34.803706,138.630686,-5,-34.8037049,138.6306857,3.0,-15.0857252504
1566958081.99,-34.803706,138.630686,16,-34.8037049,138.6306857,3.0,1.77472194586
1566958082.03,-34.803706,138.630686,140,-34.8037049,138.6306857,3.0,-0.616843611879
1566958082.09,-34.803706,138.630686,-22,-34.8037049,138.6306857,3.0,-58.3370608281
1566958082.14,-34.803706,138.630686,86,-34.8037049,138.6306857,3.0,-3.53097379597
1566958082.2,-34.803706,138.630686,249,-34.8037049,138.6306857,3.0,-5.56031561354
1566958082.24,-34.803706,138.630686,221,-34.8037049,138.6306857,3.0,1.47804237919
1566958082.3,-34.803706,138.630686,81,-34.8037049,138.6306857,3.0,-5.83641839297
1566958082.36,-34.803706,138.630686,-11,-34.8037049,138.6306857,3.0,1.86269840006
1566958082.41,-34.803706,138.630686,81,-34.8037049,138.6306857,3.0,-5.83641839297
1566958082.46,-34.803706,138.630686,30,-34.8037049,138.6306857,3.0,-0.579785737512
1566958082.5,-34.803706,138.630686,291,-34.8037049,138.6306857,3.0,-15.8913460899
1566958082.55,-34.803706,138.630686,266,-34.8037049,138.6306857,3.0,-3.32147394414
1566958082.61,-34.803706,138.630686,285,-34.8037049,138.6306857,3.0,1.53506937377
1566958082.66,-34.803706,138.630686,-50,-34.8037049,138.6306857,3.0,1.77104096575
1566958082.72,-34.803706,138.630686,25,-34.8037049,138.6306857,3.0,-1.825466039
1566958082.77,-34.803706,138.630686,-56,-34.8037049,138.6306857,3.0,-9.06731029556
1566958082.82,-34.803706,138.630686,-84,-34.8037049,138.6306857,3.0,1.02513954581
1566958082.86,-34.803706,138.630686,100,-34.8037049,138.6306857,3.0,-9.01022477316
1566958082.92,-34.803706,138.630686,-5,-34.8037049,138.6306857,3.0,-15.0857252504
1566958082.97,-34.803706,138.630686,-44,-34.8037049,138.6306857,3.0,-52.3164650625
1566958083.03,-34.803706,138.630686,235,-34.8037049,138.6306857,3.0,-5.96898503526
1566958083.08,-34.803706,138.630686,-67,-34.8037049,138.6306857,3.0,1.49590304308
1566958083.13,-34.803706,138.630686,-78,-34.8037049,138.6306857,3.0,-9.03871648924
1566958083.18,-34.803706,138.630686,36,-34.8037049,138.6306857,3.0,-0.557725902558
1566958083.24,-34.803706,138.630686,16,-34.8037049,138.6306857,3.0,1.77472194586
1566958083.27,-34.803706,138.630686,114,-34.8037049,138.6306857,3.0,1.0599670594
1566958083.32,-34.803706,138.630686,-112,-34.8037049,138.6306857,3.0,-3.41224796058
1566958083.37,-34.803706,138.630686,-5,-34.8037049,138.6306857,3.0,-15.0857252504
1566958083.43,-34.803706,138.630686,-5,-34.8037049,138.6306857,3.0,-15.0857252504
1566958083.47,-34.803706,138.630686,-33,-34.8037049,138.6306857,3.0,1.86269010464
1566958083.54,-34.803706,138.630686,235,-34.8037049,138.6306857,3.0,-5.96898503526
1566958083.59,-34.803706,138.630686,-50,-34.8037049,138.6306857,3.0,1.77104096575
1566958083.65,-34.803706,138.630686,100,-34.8037049,138.6306857,3.0,-9.01022477316
1566958083.7,-34.803706,138.630686,235,-34.8037049,138.6306857,3.0,-5.96898503526
1566958083.75,-34.803706,138.630686,-123,-34.8037049,138.6306857,3.0,0.330554469649
1566958083.79,-34.803706,138.630686,159,-34.8037049,138.6306857,3.0,-15.5100427193
1566958083.84,-34.803706,138.630686,246,-34.8037049,138.6306857,3.0,1.08273591855
1566958083.9,-34.803706,138.630686,89,-34.8037049,138.6306857,3.0,1.49337864126
1566958083.96,-34.803706,138.630686,280,-34.8037049,138.6306857,3.0,1.78868462423
1566958084.01,-34.803706,138.630686,229,-34.8037049,138.6306857,3.0,0.417388552499
1566958084.07,-34.803706,138.630686,196,-34.8037049,138.6306857,3.0,-3.59793381227
1566958084.11,-34.803706,138.630686,30,-34.8037049,138.6306857,3.0,-0.579785737512
1566958084.16,-34.803706,138.630686,100,-34.8037049,138.6306857,3.0,-9.01022477316
1566958084.22,-34.803706,138.630686,165,-34.8037049,138.6306857,3.0,1.86246612619
1566958084.27,-34.803706,138.630686,36,-34.8037049,138.6306857,3.0,-0.557725902558
1566958084.32,-34.803706,138.630686,-123,-34.8037049,138.6306857,3.0,0.330554469649
1566958084.37,-34.803706,138.630686,-22,-34.8037049,138.6306857,3.0,-58.3370608281
1566958084.42,-34.803706,138.630686,134,-34.8037049,138.6306857,3.0,-3.39919707003
