1566957384.58,-34.8203346,138.6136594,-197,-34.8037049,138.6306857,3.0,0.0
1566957384.59,-34.8203346,138.6136594,-197,-34.8037049,138.6306857,3.0,0.0
1566957384.6,-34.8203346,138.6136594,-197,-34.8037049,138.6306857,3.0,0.0
1566957384.61,-34.8203346,138.6136594,-197,-34.8037049,138.6306857,3.0,0.0
1566957384.62,-34.8203346,138.6136594,-197,-34.8037049,138.6306857,3.0,0.0
1566957384.65,-34.8203346,138.6136594,-16,-34.8037049,138.6306857,3.0,0.0
1566957384.66,-34.8203346,138.6136594,-16,-34.8037049,138.6306857,3.0,0.0
1566957384.67,-34.8203346,138.6136594,-73,-34.8037049,138.6306857,3.0,0.0
1566957384.68,-34.8203346,138.6136594,-73,-34.8037049,138.6306857,3.0,0.0
1566957384.69,-34.8203346,138.6136594,-73,-34.8037049,138.6306857,3.0,0.0
1566957384.7,-34.8203346,138.6136594,-73,-34.8037049,138.6306857,3.0,0.0
1566957384.71,-34.8203346,138.6136594,-62,-34.8037049,138.6306857,3.0,0.0
1566957384.71,-34.8203346,138.6136594,-62,-34.8037049,138.6306857,3.0,0.0
1566957384.72,-34.8203346,138.6136594,-62,-34.8037049,138.6306857,3.0,0.0
1566957384.73,-34.8203346,138.6136594,-62,-34.8037049,138.6306857,3.0,0.0
1566957384.74,-34.8203346,138.6136594,-62,-34.8037049,138.6306857,3.0,0.0
1566957384.75,-34.8203346,138.6136594,-62,-34.8037049,138.6306857,3.0,0.0
1566957384.77,-34.8203346,138.6136594,-231,-34.8037049,138.6306857,3.0,0.0
1566957384.78,-34.8203346,138.6136594,-231,-34.8037049,138.6306857,3.0,0.0
1566957384.79,-34.8203346,138.6136594,-231,-34.8037049,138.6306857,3.0,0.0
1566957384.8,-34.8203346,138.6136594,-231,-34.8037049,138.6306857,3.0,0.0
1566957384.81,-34.8203346,138.6136594,-231,-34.8037049,138.6306857,3.0,0.0
1566957384.83,-34.8203346,138.6136594,144,-34.8037049,138.6306857,3.0,0.0
1566957384.84,-34.8203346,138.6136594,144,-34.8037049,138.6306857,3.0,0.0
1566957384.85,-34.8203346,138.6136594,144,-34.8037049,138.6306857,3.0,0.0
1566957384.86,-34.8203346,138.6136594,144,-34.8037049,138.6306857,3.0,0.0
1566957384.88,-34.8203346,138.6136594,-186,-34.8037049,138.6306857,3.0,0.0
1566957384.89,-34.8203346,138.6136594,-186,-34.8037049,138.6306857,3.0,0.0
1566957384.9,-34.8203346,138.6136594,-186,-34.8037049,138.6306857,3.0,0.0
1566957384.91,-34.8203346,138.6136594,-186,-34.8037049,138.6306857,3.0,0.0
1566957384.92,-34.8203346,138.6136594,-186,-34.8037049,138.6306857,3.0,0.0
1566957384.94,-34.8203346,138.6136594,121,-34.8037049,138.6306857,3.0,0.0
1566957384.95,-34.8203346,138.6136594,121,-34.8037049,138.6306857,3.0,0.0
1566957384.96,-34.8203346,138.6136594,121,-34.8037049,138.6306857,3.0,0.0
1566957384.97,-34.8203346,138.6136594,121,-34.8037049,138.6306857,3.0,0.0
1566957384.99,-34.8203346,138.6136594,-107,-34.8037049,138.6306857,3.0,0.0
1566957385.0,-34.8203346,138.6136594,-107,-34.8037049,138.6306857,3.0,0.0
1566957385.01,-34.8203346,138.6136594,-107,-34.8037049,138.6306857,3.0,0.0
1566957385.02,-34.8203346,138.6136594,-107,-34.8037049,138.6306857,3.0,0.0
1566957385.03,-34.8203346,138.6136594,-107,-34.8037049,138.6306857,3.0,0.0
1566957385.05,-34.8203346,138.6136594,-16,-34.8037049,138.6306857,3.0,0.0
1566957385.06,-34.8203346,138.6136594,-16,-34.8037049,138.6306857,3.0,0.0
1566957385.07,-34.8203346,138.6136594,-16,-34.8037049,138.6306857,3.0,0.0
1566957385.08,-34.8203346,138.6136594,-16,-34.8037049,138.6306857,3.0,0.0
1566957385.1,-34.8203346,138.6136594,149,-34.8037049,138.6306857,3.0,0.0
1566957385.11,-34.8203346,138.6136594,149,-34.8037049,138.6306857,3.0,0.0
1566957385.12,-34.8203346,138.6136594,149,-34.8037049,138.6306857,3.0,0.0
1566957385.13,-34.8203346,138.6136594,149,-34.8037049,138.6306857,3.0,0.0
1566957385.15,-34.8203346,138.6136594,129,-34.8037049,138.6306857,3.0,0.0
1566957385.16,-34.8203346,138.6136594,129,-34.8037049,138.6306857,3.0,0.0
1566957385.18,-34.8203346,138.6136594,129,-34.8037049,138.6306857,3.0,0.0
1566957385.19,-34.8203346,138.6136594,129,-34.8037049,138.6306857,3.0,0.0
1566957385.19,-34.8203346,138.6136594,-112,-34.8037049,138.6306857,3.0,0.0
1566957385.2,-34.8203346,138.6136594,-112,-34.8037049,138.6306857,3.0,0.0
1566957385.21,-34.8203346,138.6136594,-112,-34.8037049,138.6306857,3.0,0.0
1566957385.23,-34.8203346,138.6136594,-112,-34.8037049,138.6306857,3.0,0.0
1566957385.24,-34.8203346,138.6136594,-112,-34.8037049,138.6306857,3.0,0.0
1566957385.25,-34.8203346,138.6136594,-225,-34.8037049,138.6306857,3.0,0.0
1566957385.26,-34.8203346,138.6136594,-225,-34.8037049,138.6306857,3.0,0.0
1566957385.27,-34.8203346,138.6136594,-225,-34.8037049,138.6306857,3.0,0.0
1566957385.28,-34.8203346,138.6136594,-225,-34.8037049,138.6306857,3.0,0.0
1566957385.29,-34.8203346,138.6136594,-175,-34.8037049,138.6306857,3.0,0.0
1566957385.3,-34.8203346,138.6136594,-175,-34.8037049,138.6306857,3.0,0.0
1566957385.31,-34.8203346,138.6136594,-175,-34.8037049,138.6306857,3.0,0.0
1566957385.32,-34.8203346,138.6136594,-175,-34.8037049,138.6306857,3.0,0.0
1566957385.34,-34.8203346,138.6136594,-175,-34.8037049,138.6306857,3.0,0.0
1566957385.36,-34.8203346,138.6136594,-146,-34.8037049,138.6306857,3.0,0.0
1566957385.37,-34.8203346,138.6136594,-146,-34.8037049,138.6306857,3.0,0.0
1566957385.38,-34.8203346,138.6136594,-146,-34.8037049,138.6306857,3.0,0.0
1566957385.39,-34.8203346,138.6136594,-146,-34.8037049,138.6306857,3.0,0.0
1566957385.42,-34.8203346,138.6136594,-135,-34.8037049,138.6306857,3.0,0.0
1566957385.43,-34.8203346,138.6136594,-135,-34.8037049,138.6306857,3.0,0.0
1566957385.44,-34.8203346,138.6136594,-135,-34.8037049,138.6306857,3.0,0.0
1566957385.45,-34.8203346,138.6136594,-135,-34.8037049,138.6306857,3.0,0.0
1566957385.46,-34.8203346,138.6136594,-135,-34.8037049,138.6306857,3.0,0.0
1566957385.48,-34.8203346,138.6136594,76,-34.8037049,138.6306857,3.0,0.0
1566957385.49,-34.8203346,138.6136594,76,-34.8037049,138.6306857,3.0,0.0
1566957385.5,-34.8203346,138.6136594,76,-34.8037049,138.6306857,3.0,0.0
1566957385.5,-34.8203346,138.6136594,76,-34.8037049,138.6306857,3.0,0.0
1566957385.51,-34.8203346,138.6136594,76,-34.8037049,138.6306857,3.0,0.0
1566957385.53,-34.8203346,138.6136594,129,-34.8037049,138.6306857,3.0,0.0
1566957385.54,-34.8203346,138.6136594,129,-34.8037049,138.6306857,3.0,0.0
1566957385.55,-34.8203346,138.6136594,129,-34.8037049,138.6306857,3.0,0.0
1566957385.56,-34.8203346,138.6136594,129,-34.8037049,138.6306857,3.0,0.0
1566957385.57,-34.8203346,138.6136594,129,-34.8037049,138.6306857,3.0,0.0
1566957385.59,-34.8203346,138.6136594,-152,-34.8037049,138.6306857,3.0,0.0
1566957385.6,-34.8203346,138.6136594,-152,-34.8037049,138.6306857,3.0,0.0
1566957385.62,-34.8203346,138.6136594,-152,-34.8037049,138.6306857,3.0,0.0
1566957385.63,-34.8203346,138.6136594,-152,-34.8037049,138.6306857,3.0,0.0
1566957385.65,-34.8203346,138.6136594,124,-34.8037049,138.6306857,3.0,0.0
1566957385.66,-34.8203346,138.6136594,124,-34.8037049,138.6306857,3.0,0.0
1566957385.67,-34.8203346,138.6136594,124,-34.8037049,138.6306857,3.0,0.0
1566957385.68,-34.8203346,138.6136594,124,-34.8037049,138.6306857,3.0,0.0
1566957385.69,-34.8203346,138.6136594,124,-34.8037049,138.6306857,3.0,0.0
1566957385.7,-34.8203346,138.6136594,-231,-34.8037049,138.6306857,3.0,0.0
1566957385.71,-34.8203346,138.6136594,-231,-34.8037049,138.6306857,3.0,0.0
1566957385.72,-34.8203346,138.6136594,-231,-34.8037049,138.6306857,3.0,0.0
1566957385.73,-34.8203346,138.6136594,-231,-34.8037049,138.6306857,3.0,0.0
1566957385.73,-34.8203346,138.6136594,-231,-34.8037049,138.6306857,3.0,0.0
1566957385.75,-34.8203346,138.6136594,-22,-34.8037049,138.6306857,3.0,0.0
1566957385.76,-34.8203346,138.6136594,-22,-34.8037049,138.6306857,3.0,0.0
1566957385.77,-34.8203346,138.6136594,-22,-34.8037049,138.6306857,3.0,0.0
1566957385.78,-34.8203346,138.6136594,-22,-34.8037049,138.6306857,3.0,0.0
1566957385.79,-34.8203346,138.6136594,-22,-34.8037049,138.6306857,3.0,0.0
1566957385.81,-34.8203346,138.6136594,-208,-34.8037049,138.6306857,3.0,0.0
1566957385.82,-34.8203346,138.6136594,-208,-34.8037049,138.6306857,3.0,0.0
1566957385.83,-34.8203346,138.6136594,-208,-34.8037049,138.6306857,3.0,0.0
1566957385.84,-34.8203346,138.6136594,-208,-34.8037049,138.6306857,3.0,0.0
1566957385.86,-34.8203346,138.6136594,64,-34.8037049,138.6306857,3.0,0.0
1566957385.87,-34.8203346,138.6136594,64,-34.8037049,138.6306857,3.0,0.0
1566957385.88,-34.8203346,138.6136594,64,-34.8037049,138.6306857,3.0,0.0
1566957385.89,-34.8203346,138.6136594,64,-34.8037049,138.6306857,3.0,0.0
1566957385.9,-34.8203346,138.6136594,64,-34.8037049,138.6306857,3.0,0.0
1566957385.92,-34.8203346,138.6136594,-129,-34.8037049,138.6306857,3.0,0.0
1566957385.93,-34.8203346,138.6136594,-129,-34.8037049,138.6306857,3.0,0.0
1566957385.94,-34.8203346,138.6136594,-129,-34.8037049,138.6306857,3.0,0.0
1566957385.96,-34.8203346,138.6136594,0,-34.8037049,138.6306857,3.0,0.0
1566957385.97,-34.8203346,138.6136594,0,-34.8037049,138.6306857,3.0,0.0
1566957385.98,-34.8203346,138.6136594,0,-34.8037049,138.6306857,3.0,0.0
1566957385.99,-34.8203346,138.6136594,0,-34.8037049,138.6306857,3.0,0.0
1566957386.0,-34.8203346,138.6136594,0,-34.8037049,138.6306857,3.0,0.0
1566957386.02,-34.8203346,138.6136594,-73,-34.8037049,138.6306857,3.0,0.0
1566957386.03,-34.8203346,138.6136594,-73,-34.8037049,138.6306857,3.0,0.0
1566957386.04,-34.8203346,138.6136594,-73,-34.8037049,138.6306857,3.0,0.0
1566957386.05,-34.8203346,138.6136594,-73,-34.8037049,138.6306857,3.0,0.0
1566957386.07,-34.8203346,138.6136594,-220,-34.8037049,138.6306857,3.0,0.0
1566957386.08,-34.8203346,138.6136594,-220,-34.8037049,138.6306857,3.0,0.0
1566957386.11,-34.8203346,138.6136594,84,-34.8037049,138.6306857,3.0,0.0
1566957386.12,-34.8203346,138.6136594,84,-34.8037049,138.6306857,3.0,0.0
1566957386.13,-34.8203346,138.6136594,84,-34.8037049,138.6306857,3.0,0.0
1566957386.14,-34.8203346,138.6136594,84,-34.8037049,138.6306857,3.0,0.0
1566957386.16,-34.8203346,138.6136594,163,-34.8037049,138.6306857,3.0,0.0
1566957386.17,-34.8203346,138.6136594,163,-34.8037049,138.6306857,3.0,0.0
1566957386.18,-34.8203346,138.6136594,163,-34.8037049,138.6306857,3.0,0.0
1566957386.19,-34.8203346,138.6136594,163,-34.8037049,138.6306857,3.0,0.0
1566957386.2,-34.8203346,138.6136594,163,-34.8037049,138.6306857,3.0,0.0
1566957386.23,-34.8203346,138.6136594,-56,-34.8037049,138.6306857,3.0,0.0
1566957386.24,-34.8203346,138.6136594,-56,-34.8037049,138.6306857,3.0,0.0
1566957386.25,-34.8203346,138.6136594,-56,-34.8037049,138.6306857,3.0,0.0
1566957386.26,-34.8203346,138.6136594,-192,-34.8037049,138.6306857,3.0,0.0
1566957386.27,-34.8203346,138.6136594,-192,-34.8037049,138.6306857,3.0,0.0
1566957386.28,-34.8203346,138.6136594,-192,-34.8037049,138.6306857,3.0,0.0
1566957386.29,-34.8203346,138.6136594,-192,-34.8037049,138.6306857,3.0,0.0
1566957386.3,-34.8203346,138.6136594,-192,-34.8037049,138.6306857,3.0,0.0
1566957386.32,-34.8203346,138.6136594,-208,-34.8037049,138.6306857,3.0,0.0
1566957386.33,-34.8203346,138.6136594,-208,-34.8037049,138.6306857,3.0,0.0
1566957386.34,-34.8203346,138.6136594,-208,-34.8037049,138.6306857,3.0,0.0
1566957386.35,-34.8203346,138.6136594,-208,-34.8037049,138.6306857,3.0,0.0
1566957386.37,-34.8203346,138.6136594,-225,-34.8037049,138.6306857,3.0,0.0
1566957386.39,-34.8203346,138.6136594,-225,-34.8037049,138.6306857,3.0,0.0
1566957386.4,-34.8203346,138.6136594,-225,-34.8037049,138.6306857,3.0,0.0
1566957386.41,-34.8203346,138.6136594,-225,-34.8037049,138.6306857,3.0,0.0
1566957386.43,-34.8203346,138.6136594,39,-34.8037049,138.6306857,3.0,0.0
1566957386.44,-34.8203346,138.6136594,39,-34.8037049,138.6306857,3.0,0.0
1566957386.45,-34.8203346,138.6136594,39,-34.8037049,138.6306857,3.0,0.0
1566957386.46,-34.8203346,138.6136594,39,-34.8037049,138.6306857,3.0,0.0
1566957386.48,-34.8203346,138.6136594,180,-34.8037049,138.6306857,3.0,0.0
1566957386.49,-34.8203346,138.6136594,180,-34.8037049,138.6306857,3.0,0.0
1566957386.5,-34.8203346,138.6136594,180,-34.8037049,138.6306857,3.0,0.0
1566957386.51,-34.8203346,138.6136594,180,-34.8037049,138.6306857,3.0,0.0
1566957386.52,-34.8203346,138.6136594,180,-34.8037049,138.6306857,3.0,0.0
1566957386.53,-34.8203346,138.6136594,-79,-34.8037049,138.6306857,3.0,0.0
1566957386.54,-34.8203346,138.6136594,-79,-34.8037049,138.6306857,3.0,0.0
1566957386.55,-34.8203346,138.6136594,-79,-34.8037049,138.6306857,3.0,0.0
1566957386.56,-34.8203346,138.6136594,-79,-34.8037049,138.6306857,3.0,0.0
1566957386.57,-34.8203346,138.6136594,-79,-34.8037049,138.6306857,3.0,0.0
1566957386.59,-34.8203346,138.6136594,-135,-34.8037049,138.6306857,3.0,0.0
1566957386.6,-34.8203346,138.6136594,-135,-34.8037049,138.6306857,3.0,0.0
1566957386.61,-34.8203346,138.6136594,-135,-34.8037049,138.6306857,3.0,0.0
1566957386.62,-34.8203346,138.6136594,-135,-34.8037049,138.6306857,3.0,0.0
1566957386.65,-34.8203346,138.6136594,73,-34.8037049,138.6306857,3.0,0.0
1566957386.66,-34.8203346,138.6136594,73,-34.8037049,138.6306857,3.0,0.0
1566957386.67,-34.8203346,138.6136594,73,-34.8037049,138.6306857,3.0,0.0
1566957386.68,-34.8203346,138.6136594,73,-34.8037049,138.6306857,3.0,0.0
1566957386.7,-34.8203346,138.6136594,160,-34.8037049,138.6306857,3.0,0.0
1566957386.71,-34.8203346,138.6136594,160,-34.8037049,138.6306857,3.0,0.0
1566957386.72,-34.8203346,138.6136594,160,-34.8037049,138.6306857,3.0,0.0
1566957386.73,-34.8203346,138.6136594,160,-34.8037049,138.6306857,3.0,0.0
1566957386.75,-34.8203346,138.6136594,-220,-34.8037049,138.6306857,3.0,0.0
1566957386.76,-34.8203346,138.6136594,-220,-34.8037049,138.6306857,3.0,0.0
1566957386.77,-34.8203346,138.6136594,-220,-34.8037049,138.6306857,3.0,0.0
1566957386.79,-34.8203346,138.6136594,169,-34.8037049,138.6306857,3.0,0.0
1566957386.8,-34.8203346,138.6136594,169,-34.8037049,138.6306857,3.0,0.0
1566957386.81,-34.8203346,138.6136594,169,-34.8037049,138.6306857,3.0,0.0
1566957386.82,-34.8203346,138.6136594,169,-34.8037049,138.6306857,3.0,0.0
1566957386.84,-34.8203346,138.6136594,25,-34.8037049,138.6306857,3.0,0.0
1566957386.85,-34.8203346,138.6136594,25,-34.8037049,138.6306857,3.0,0.0
1566957386.86,-34.8203346,138.6136594,25,-34.8037049,138.6306857,3.0,0.0
1566957386.87,-34.8203346,138.6136594,25,-34.8037049,138.6306857,3.0,0.0
1566957386.87,-34.8203346,138.6136594,25,-34.8037049,138.6306857,3.0,0.0
1566957386.89,-34.8203346,138.6136594,-62,-34.8037049,138.6306857,3.0,0.0
1566957386.9,-34.8203346,138.6136594,-62,-34.8037049,138.6306857,3.0,0.0
1566957386.91,-34.8203346,138.6136594,-62,-34.8037049,138.6306857,3.0,0.0
1566957386.92,-34.8203346,138.6136594,-62,-34.8037049,138.6306857,3.0,0.0
1566957386.95,-34.8203346,138.6136594,-186,-34.8037049,138.6306857,3.0,0.0
1566957386.96,-34.8203346,138.6136594,-186,-34.8037049,138.6306857,3.0,0.0
1566957386.97,-34.8203346,138.6136594,-186,-34.8037049,138.6306857,3.0,0.0
1566957386.97,-34.8203346,138.6136594,-186,-34.8037049,138.6306857,3.0,0.0
1566957386.98,-34.8203346,138.6136594,-186,-34.8037049,138.6306857,3.0,0.0
1566957386.99,-34.8203346,138.6136594,-146,-34.8037049,138.6306857,3.0,0.0
1566957387.01,-34.8203346,138.6136594,-146,-34.8037049,138.6306857,3.0,0.0
1566957387.02,-34.8203346,138.6136594,-146,-34.8037049,138.6306857,3.0,0.0
1566957387.03,-34.8203346,138.6136594,-146,-34.8037049,138.6306857,3.0,0.0
1566957387.06,-34.8203346,138.6136594,-56,-34.8037049,138.6306857,3.0,0.0
1566957387.07,-34.8203346,138.6136594,-56,-34.8037049,138.6306857,3.0,0.0
1566957387.08,-34.8203346,138.6136594,-56,-34.8037049,138.6306857,3.0,0.0
1566957387.09,-34.8203346,138.6136594,-56,-34.8037049,138.6306857,3.0,0.0
1566957387.11,-34.8203346,138.6136594,56,-34.8037049,138.6306857,3.0,0.0
1566957387.12,-34.8203346,138.6136594,56,-34.8037049,138.6306857,3.0,0.0
1566957387.13,-34.8203346,138.6136594,56,-34.8037049,138.6306857,3.0,0.0
1566957387.14,-34.8203346,138.6136594,56,-34.8037049,138.6306857,3.0,0.0
1566957387.15,-34.8203346,138.6136594,-101,-34.8037049,138.6306857,3.0,0.0
1566957387.16,-34.8203346,138.6136594,-101,-34.8037049,138.6306857,3.0,0.0
1566957387.17,-34.8203346,138.6136594,-101,-34.8037049,138.6306857,3.0,0.0
1566957387.18,-34.8203346,138.6136594,-101,-34.8037049,138.6306857,3.0,0.0
1566957387.19,-34.8203346,138.6136594,-101,-34.8037049,138.6306857,3.0,0.0
1566957387.2,-34.8203346,138.6136594,107,-34.8037049,138.6306857,3.0,0.0
1566957387.21,-34.8203346,138.6136594,107,-34.8037049,138.6306857,3.0,0.0
1566957387.22,-34.8203346,138.6136594,107,-34.8037049,138.6306857,3.0,0.0
1566957387.23,-34.8203346,138.6136594,107,-34.8037049,138.6306857,3.0,0.0
1566957387.24,-34.8203346,138.6136594,155,-34.8037049,138.6306857,3.0,0.0
1566957387.25,-34.8203346,138.6136594,155,-34.8037049,138.6306857,3.0,0.0
1566957387.27,-34.8203346,138.6136594,155,-34.8037049,138.6306857,3.0,0.0
1566957387.28,-34.8203346,138.6136594,155,-34.8037049,138.6306857,3.0,0.0
1566957387.29,-34.8203346,138.6136594,155,-34.8037049,138.6306857,3.0,0.0
1566957387.31,-34.8203346,138.6136594,31,-34.8037049,138.6306857,3.0,0.0
1566957387.32,-34.8203346,138.6136594,31,-34.8037049,138.6306857,3.0,0.0
1566957387.33,-34.8203346,138.6136594,31,-34.8037049,138.6306857,3.0,0.0
1566957387.34,-34.8203346,138.6136594,31,-34.8037049,138.6306857,3.0,0.0
1566957387.36,-34.8203346,138.6136594,155,-34.8037049,138.6306857,3.0,0.0
1566957387.37,-34.8203346,138.6136594,155,-34.8037049,138.6306857,3.0,0.0
1566957387.38,-34.8203346,138.6136594,155,-34.8037049,138.6306857,3.0,0.0
1566957387.39,-34.8203346,138.6136594,155,-34.8037049,138.6306857,3.0,0.0
1566957387.4,-34.8203346,138.6136594,155,-34.8037049,138.6306857,3.0,0.0
1566957387.41,-34.8203346,138.6136594,180,-34.8037049,138.6306857,3.0,0.0
1566957387.42,-34.8203346,138.6136594,180,-34.8037049,138.6306857,3.0,0.0
1566957387.44,-34.8203346,138.6136594,180,-34.8037049,138.6306857,3.0,0.0
1566957387.45,-34.8203346,138.6136594,180,-34.8037049,138.6306857,3.0,0.0
1566957387.46,-34.8203346,138.6136594,180,-34.8037049,138.6306857,3.0,0.0
1566957387.47,-34.8203346,138.6136594,39,-34.8037049,138.6306857,3.0,0.0
1566957387.48,-34.8203346,138.6136594,39,-34.8037049,138.6306857,3.0,0.0
1566957387.49,-34.8203346,138.6136594,39,-34.8037049,138.6306857,3.0,0.0
1566957387.5,-34.8203346,138.6136594,39,-34.8037049,138.6306857,3.0,0.0
1566957387.51,-34.8203346,138.6136594,217,-34.8037049,138.6306857,3.0,0.0
1566957387.52,-34.8203346,138.6136594,217,-34.8037049,138.6306857,3.0,0.0
1566957387.53,-34.8203346,138.6136594,217,-34.8037049,138.6306857,3.0,0.0
1566957387.54,-34.8203346,138.6136594,217,-34.8037049,138.6306857,3.0,0.0
1566957387.55,-34.8203346,138.6136594,217,-34.8037049,138.6306857,3.0,0.0
1566957387.57,-34.8203346,138.6136594,307,-34.8037049,138.6306857,3.0,0.0
1566957387.58,-34.8203346,138.6136594,307,-34.8037049,138.6306857,3.0,0.0
1566957387.59,-34.8203346,138.6136594,307,-34.8037049,138.6306857,3.0,0.0
1566957387.6,-34.8203346,138.6136594,307,-34.8037049,138.6306857,3.0,0.0
1566957387.63,-34.8203346,138.6136594,11,-34.8037049,138.6306857,3.0,0.0
1566957387.64,-34.8203346,138.6136594,11,-34.8037049,138.6306857,3.0,0.0
1566957387.65,-34.8203346,138.6136594,11,-34.8037049,138.6306857,3.0,0.0
1566957387.66,-34.8203346,138.6136594,11,-34.8037049,138.6306857,3.0,0.0
1566957387.67,-34.8203346,138.6136594,186,-34.8037049,138.6306857,3.0,0.0
1566957387.68,-34.8203346,138.6136594,186,-34.8037049,138.6306857,3.0,0.0
1566957387.69,-34.8203346,138.6136594,186,-34.8037049,138.6306857,3.0,0.0
1566957387.7,-34.8203346,138.6136594,186,-34.8037049,138.6306857,3.0,0.0
1566957387.71,-34.8203346,138.6136594,186,-34.8037049,138.6306857,3.0,0.0
1566957387.71,-34.8203346,138.6136594,186,-34.8037049,138.6306857,3.0,0.0
1566957387.73,-34.8203346,138.6136594,64,-34.8037049,138.6306857,3.0,0.0
1566957387.74,-34.8203346,138.6136594,64,-34.8037049,138.6306857,3.0,0.0
1566957387.75,-34.8203346,138.6136594,64,-34.8037049,138.6306857,3.0,0.0
1566957387.76,-34.8203346,138.6136594,64,-34.8037049,138.6306857,3.0,0.0
1566957387.78,-34.8203346,138.6136594,-67,-34.8037049,138.6306857,3.0,0.0
1566957387.79,-34.8203346,138.6136594,-67,-34.8037049,138.6306857,3.0,0.0
1566957387.8,-34.8203346,138.6136594,-67,-34.8037049,138.6306857,3.0,0.0
1566957387.81,-34.8203346,138.6136594,-67,-34.8037049,138.6306857,3.0,0.0
1566957387.84,-34.8203346,138.6136594,81,-34.8037049,138.6306857,3.0,0.0
1566957387.85,-34.8203346,138.6136594,81,-34.8037049,138.6306857,3.0,0.0
1566957387.86,-34.8203346,138.6136594,81,-34.8037049,138.6306857,3.0,0.0
1566957387.87,-34.8203346,138.6136594,81,-34.8037049,138.6306857,3.0,0.0
1566957387.88,-34.8203346,138.6136594,-50,-34.8037049,138.6306857,3.0,0.0
1566957387.89,-34.8203346,138.6136594,-50,-34.8037049,138.6306857,3.0,0.0
1566957387.91,-34.8203346,138.6136594,-50,-34.8037049,138.6306857,3.0,0.0
1566957387.92,-34.8203346,138.6136594,-50,-34.8037049,138.6306857,3.0,0.0
1566957387.93,-34.8203346,138.6136594,-50,-34.8037049,138.6306857,3.0,0.0
1566957387.95,-34.8203346,138.6136594,160,-34.8037049,138.6306857,3.0,0.0
1566957387.96,-34.8203346,138.6136594,160,-34.8037049,138.6306857,3.0,0.0
1566957387.98,-34.8203346,138.6136594,36,-34.8037049,138.6306857,3.0,0.0
1566957387.99,-34.8203346,138.6136594,36,-34.8037049,138.6306857,3.0,0.0
1566957388.0,-34.8203346,138.6136594,36,-34.8037049,138.6306857,3.0,0.0
1566957388.01,-34.8203346,138.6136594,36,-34.8037049,138.6306857,3.0,0.0
1566957388.03,-34.8203346,138.6136594,288,-34.8037049,138.6306857,3.0,0.0
1566957388.04,-34.8203346,138.6136594,288,-34.8037049,138.6306857,3.0,0.0
1566957388.05,-34.8203346,138.6136594,288,-34.8037049,138.6306857,3.0,0.0
1566957388.06,-34.8203346,138.6136594,288,-34.8037049,138.6306857,3.0,0.0
1566957388.09,-34.8203346,138.6136594,0,-34.8037049,138.6306857,3.0,0.0
1566957388.1,-34.8203346,138.6136594,0,-34.8037049,138.6306857,3.0,0.0
1566957388.11,-34.8203346,138.6136594,0,-34.8037049,138.6306857,3.0,0.0
1566957388.12,-34.8203346,138.6136594,0,-34.8037049,138.6306857,3.0,0.0
