1566957993.03,-34.7702191,138.64047,333,-34.8037049,138.6306857,3.0,-87.9014677269
1566957993.07,-34.7702331,138.6404909,192,-34.8037049,138.6306857,3.0,-88.8678900899
1566957993.11,-34.7702467,138.6405108,45,-34.8037049,138.6306857,3.0,-112.184782118
1566957993.17,-34.770258,138.6405275,45,-34.8037049,138.6306857,3.0,-112.080018182
1566957993.23,-34.7702697,138.640545,90,-34.8037049,138.6306857,3.0,-105.969562728
1566957993.28,-34.7702813,138.640562,28,-34.8037049,138.6306857,3.0,-88.6282191211
1566957993.33,-34.7702956,138.6405833,231,-34.8037049,138.6306857,3.0,-91.1894062442
1566957993.39,-34.7703108,138.6406055,186,-34.8037049,138.6306857,3.0,-91.7830685836
1566957993.46,-34.7703289,138.6406326,45,-34.8037049,138.6306857,3.0,-111.451076001
1566957993.5,-34.7703475,138.6406597,245,-34.8037049,138.6306857,3.0,-87.9737703199
1566957993.56,-34.7703689,138.6406915,361,-34.8037049,138.6306857,3.0,-92.543352614
1566957993.62,-34.7703899,138.6407224,477,-34.8037049,138.6306857,3.0,-93.9251627594
1566957993.68,-34.7704136,138.6407576,251,-34.8037049,138.6306857,3.0,-89.7309486523
1566957993.74,-34.7704363,138.6407911,307,-34.8037049,138.6306857,3.0,-111.884119002
1566957993.79,-34.7704617,138.6408286,217,-34.8037049,138.6306857,3.0,-101.825936761
1566957993.85,-34.7704857,138.640864,443,-34.8037049,138.6306857,3.0,-99.6612470094
1566957993.91,-34.7705122,138.6409031,129,-34.8037049,138.6306857,3.0,-101.967329739
1566957993.95,-34.7705373,138.6409406,587,-34.8037049,138.6306857,3.0,-88.4951418795
1566957994.0,-34.7705641,138.6409803,2384,-34.8037049,138.6306857,3.0,-88.9264539847
1566957994.05,-34.7705884,138.6410166,4111,-34.8037049,138.6306857,3.0,-90.748988498
1566957994.11,-34.7706153,138.6410568,6798,-34.8037049,138.6306857,3.0,-97.5639412103
1566957994.16,-34.7706407,138.6410943,8522,-34.8037049,138.6306857,3.0,-87.82210457
1566957994.2,-34.770668,138.6411349,10794,-34.8037049,138.6306857,3.0,-87.8018276763
1566957994.25,-34.7706934,138.6411724,12322,-34.8037049,138.6306857,3.0,-87.9604477211
1566957994.3,-34.7707201,138.6412129,14781,-34.8037049,138.6306857,3.0,-101.178187723
1566957994.35,-34.7707447,138.6412502,16168,-34.8037049,138.6306857,3.0,-92.9829906884
1566957994.39,-34.7707714,138.6412906,18807,-34.8037049,138.6306857,3.0,-88.202227418
1566957994.45,-34.7707961,138.641328,20395,-34.8037049,138.6306857,3.0,-105.391505223
1566957994.51,-34.7708226,138.6413686,22670,-34.8037049,138.6306857,3.0,-89.465277571
1566957994.56,-34.7708474,138.6414062,24295,-34.8037049,138.6306857,3.0,-92.0290990789
1566957994.62,-34.7708741,138.6414467,26445,-34.8037049,138.6306857,3.0,-88.4630690426
1566957994.66,-34.7708986,138.6414839,27691,-34.8037049,138.6306857,3.0,-91.1859462748
1566957994.72,-34.7709253,138.641524,30000,-34.8037049,138.6306857,3.0,-87.8279579189
1566957994.77,-34.7709494,138.6415606,31449,-34.8037049,138.6306857,3.0,-95.4782180049
1566957994.83,-34.7709754,138.6416001,33744,-34.8037049,138.6306857,3.0,-91.9791688086
1566957994.88,-34.7709994,138.6416362,35221,-34.8037049,138.6306857,3.0,-87.7074373296
1566957994.93,-34.7710254,138.6416754,37425,-34.8037049,138.6306857,3.0,-87.984525613
1566957994.98,-34.7710492,138.6417113,38655,-34.8037049,138.6306857,3.0,-90.4485803259
1566957995.02,-34.7710745,138.6417501,40740,-34.8037049,138.6306857,3.0,-88.8975663923
1566957995.07,-34.7710978,138.6417857,42175,-34.8037049,138.6306857,3.0,-97.125133475
1566957995.13,-34.7711232,138.6418244,44224,-34.8037049,138.6306857,3.0,-91.1922905797
1566957995.17,-34.7711466,138.6418599,45247,-34.8037049,138.6306857,3.0,-91.7407600537
1566957995.21,-34.7711719,138.6418984,47335,-34.8037049,138.6306857,3.0,-88.0011878526
1566957995.26,-34.7711952,138.6419338,48909,-34.8037049,138.6306857,3.0,-92.7153663648
1566957995.31,-34.77122,138.6419717,50488,-34.8037049,138.6306857,3.0,-95.0589722138
1566957995.36,-34.7712427,138.6420067,52091,-34.8037049,138.6306857,3.0,-88.4073509509
1566957995.41,-34.7712674,138.6420446,54057,-34.8037049,138.6306857,3.0,-87.9344760455
1566957995.46,-34.7712901,138.6420796,54978,-34.8037049,138.6306857,3.0,-88.365585196
1566957995.52,-34.7713148,138.6421172,56931,-34.8037049,138.6306857,3.0,-98.5493864301
1566957995.57,-34.7713375,138.6421518,58157,-34.8037049,138.6306857,3.0,-115.647097849
1566957995.64,-34.7713622,138.6421892,60022,-34.8037049,138.6306857,3.0,-90.4361912029
1566957995.68,-34.7713847,138.6422234,61110,-34.8037049,138.6306857,3.0,-87.6485630396
1566957995.74,-34.7714086,138.6422605,63147,-34.8037049,138.6306857,3.0,-90.31753004
1566957995.8,-34.7714308,138.6422947,64348,-34.8037049,138.6306857,3.0,-88.8569284527
1566957995.86,-34.7714547,138.6423314,66078,-34.8037049,138.6306857,3.0,-88.1152872637
1566957995.9,-34.7714767,138.6423652,67457,-34.8037049,138.6306857,3.0,-107.341867264
1566957995.96,-34.7715008,138.6424018,68776,-34.8037049,138.6306857,3.0,-91.0435408055
1566957996.0,-34.7715229,138.6424355,70087,-34.8037049,138.6306857,3.0,-89.7899605672
1566957996.04,-34.7715469,138.6424717,71735,-34.8037049,138.6306857,3.0,-90.9250800981
1566957996.09,-34.771569,138.6425051,73229,-34.8037049,138.6306857,3.0,-87.9787988441
1566957996.15,-34.7715927,138.6425413,74656,-34.8037049,138.6306857,3.0,-87.6896801735
1566957996.2,-34.7716142,138.6425743,75846,-34.8037049,138.6306857,3.0,-91.2441962326
1566957996.24,-34.7716373,138.6426102,77383,-34.8037049,138.6306857,3.0,-91.5959432942
1566957996.3,-34.7716589,138.6426431,78657,-34.8037049,138.6306857,3.0,-87.6546023486
1566957996.36,-34.7716822,138.6426789,80130,-34.8037049,138.6306857,3.0,-87.7313077519
1566957996.41,-34.7717036,138.6427118,81308,-34.8037049,138.6306857,3.0,-88.9374984823
1566957996.46,-34.771727,138.6427472,83130,-34.8037049,138.6306857,3.0,-96.3019228952
1566957996.51,-34.7717484,138.6427797,84230,-34.8037049,138.6306857,3.0,-91.151487739
1566957996.57,-34.7717716,138.6428147,85837,-34.8037049,138.6306857,3.0,-87.6003653935
1566957996.62,-34.7717928,138.6428468,86736,-34.8037049,138.6306857,3.0,-92.9654846752
1566957996.67,-34.7718154,138.6428814,88598,-34.8037049,138.6306857,3.0,-88.0213518334
1566957996.71,-34.7718361,138.6429133,89644,-34.8037049,138.6306857,3.0,-87.6408719008
1566957996.77,-34.7718587,138.6429477,90924,-34.8037049,138.6306857,3.0,-91.0958173921
1566957996.82,-34.7718797,138.6429794,92209,-34.8037049,138.6306857,3.0,-118.707484722
1566957996.88,-34.7719023,138.6430135,93650,-34.8037049,138.6306857,3.0,-87.5701778024
1566957996.93,-34.771923,138.6430451,94467,-34.8037049,138.6306857,3.0,-88.2250684819
1566957996.99,-34.7719456,138.6430792,96120,-34.8037049,138.6306857,3.0,-96.0520593932
1566957997.04,-34.7719666,138.6431108,97024,-34.8037049,138.6306857,3.0,-93.4027527806
1566957997.1,-34.7719891,138.6431448,98847,-34.8037049,138.6306857,3.0,-88.5441071752
1566957997.13,-34.77201,138.6431764,99757,-34.8037049,138.6306857,3.0,-87.5811823364
1566957997.19,-34.7720325,138.6432107,101155,-34.8037049,138.6306857,3.0,-98.4387923405
1566957997.24,-34.7720534,138.6432422,102387,-34.8037049,138.6306857,3.0,-91.7517423064
1566957997.28,-34.7720761,138.6432764,103766,-34.8037049,138.6306857,3.0,-110.386540256
1566957997.33,-34.7720969,138.6433079,104781,-34.8037049,138.6306857,3.0,-88.7911918051
1566957997.38,-34.7721189,138.6433415,106298,-34.8037049,138.6306857,3.0,-94.9275410667
1566957997.44,-34.7721392,138.6433721,107202,-34.8037049,138.6306857,3.0,-92.2386901414
1566957997.48,-34.7721607,138.6434049,108239,-34.8037049,138.6306857,3.0,-87.7285105435
1566957997.53,-34.7721802,138.6434344,108779,-34.8037049,138.6306857,3.0,-101.648290954
1566957997.59,-34.7722009,138.6434658,109045,-34.8037049,138.6306857,3.0,-101.219981491
1566957997.64,-34.7722195,138.6434941,109234,-34.8037049,138.6306857,3.0,-89.3944526743
1566957997.7,-34.7722393,138.6435241,109641,-34.8037049,138.6306857,3.0,-89.493852764
1566957997.75,-34.7722573,138.6435512,109550,-34.8037049,138.6306857,3.0,-88.6068606405
1566957997.82,-34.7722763,138.64358,109873,-34.8037049,138.6306857,3.0,-90.4833207602
1566957997.87,-34.7722938,138.6436063,109813,-34.8037049,138.6306857,3.0,-98.4419717577
1566957997.93,-34.7723122,138.6436345,109245,-34.8037049,138.6306857,3.0,-87.5111077058
1566957997.98,-34.7723292,138.6436602,109350,-34.8037049,138.6306857,3.0,-89.4384099964
1566957998.04,-34.7723474,138.6436876,108999,-34.8037049,138.6306857,3.0,-91.4205467217
1566957998.09,-34.7723638,138.6437125,108482,-34.8037049,138.6306857,3.0,-90.2549461322
1566957998.15,-34.7723815,138.6437393,108126,-34.8037049,138.6306857,3.0,-97.6662406539
1566957998.2,-34.772398,138.6437637,108050,-34.8037049,138.6306857,3.0,-116.477058768
1566957998.25,-34.7724152,138.6437901,107683,-34.8037049,138.6306857,3.0,-100.240868282
1566957998.3,-34.772431,138.6438139,107036,-34.8037049,138.6306857,3.0,-87.4992375986
1566957998.36,-34.7724481,138.6438396,106648,-34.8037049,138.6306857,3.0,-104.461090389
1566957998.41,-34.7724636,138.6438631,106533,-34.8037049,138.6306857,3.0,-107.344135751
1566957998.45,-34.7724801,138.6438882,106021,-34.8037049,138.6306857,3.0,-87.6537075481
1566957998.5,-34.7724952,138.6439112,105538,-34.8037049,138.6306857,3.0,-91.342979668
1566957998.56,-34.7725116,138.6439359,104840,-34.8037049,138.6306857,3.0,-108.470397624
1566957998.61,-34.7725269,138.6439586,104411,-34.8037049,138.6306857,3.0,-87.5208984628
1566957998.65,-34.7725433,138.643983,104275,-34.8037049,138.6306857,3.0,-99.2950727016
1566957998.69,-34.7725583,138.6440054,103843,-34.8037049,138.6306857,3.0,-88.9935257267
1566957998.75,-34.772574,138.6440295,103390,-34.8037049,138.6306857,3.0,-91.0873520645
1566957998.8,-34.7725886,138.6440519,102924,-34.8037049,138.6306857,3.0,-91.5656241818
1566957998.87,-34.7726043,138.6440757,102433,-34.8037049,138.6306857,3.0,-91.8336329731
1566957998.92,-34.7726187,138.6440975,102142,-34.8037049,138.6306857,3.0,-87.4944467488
1566957998.97,-34.7726345,138.6441211,101503,-34.8037049,138.6306857,3.0,-111.353874008
1566957999.01,-34.772649,138.6441427,101130,-34.8037049,138.6306857,3.0,-89.7296705568
1566957999.06,-34.7726642,138.6441657,100980,-34.8037049,138.6306857,3.0,-90.4958970136
1566957999.13,-34.7726782,138.6441869,100734,-34.8037049,138.6306857,3.0,-87.5156313713
1566957999.19,-34.7726932,138.6442095,100172,-34.8037049,138.6306857,3.0,-89.9718219047
1566957999.24,-34.7727071,138.6442304,99921,-34.8037049,138.6306857,3.0,-89.0208181956
1566957999.3,-34.7727221,138.6442529,99288,-34.8037049,138.6306857,3.0,-96.9839331959
1566957999.35,-34.772736,138.6442736,99028,-34.8037049,138.6306857,3.0,-90.267941003
1566957999.41,-34.7727511,138.6442961,98827,-34.8037049,138.6306857,3.0,-101.836628947
1566957999.46,-34.7727651,138.644317,98355,-34.8037049,138.6306857,3.0,-87.883954856
1566957999.5,-34.7727801,138.6443395,98109,-34.8037049,138.6306857,3.0,-95.9456862011
1566957999.56,-34.772794,138.6443603,98092,-34.8037049,138.6306857,3.0,-90.9894430205
1566957999.61,-34.772809,138.6443828,97782,-34.8037049,138.6306857,3.0,-87.6388911847
1566957999.66,-34.7728229,138.6444036,97400,-34.8037049,138.6306857,3.0,-96.1596895996
1566957999.72,-34.772838,138.6444261,97058,-34.8037049,138.6306857,3.0,-88.9108120544
1566957999.76,-34.7728519,138.6444468,97304,-34.8037049,138.6306857,3.0,-88.5980764224
1566957999.82,-34.772867,138.6444693,96767,-34.8037049,138.6306857,3.0,-87.4753688369
1566957999.87,-34.7728808,138.64449,96682,-34.8037049,138.6306857,3.0,-102.685203832
1566957999.93,-34.7728959,138.6445127,96747,-34.8037049,138.6306857,3.0,-108.467230595
1566957999.98,-34.7729099,138.6445334,96643,-34.8037049,138.6306857,3.0,-101.173575939
1566958000.04,-34.7729249,138.6445559,96598,-34.8037049,138.6306857,3.0,-87.4657413042
1566958000.09,-34.7729388,138.6445766,96391,-34.8037049,138.6306857,3.0,-96.5794718248
1566958000.14,-34.7729539,138.6445991,96236,-34.8037049,138.6306857,3.0,-107.699799663
1566958000.2,-34.7729677,138.6446196,96270,-34.8037049,138.6306857,3.0,-89.9123147159
1566958000.24,-34.7729828,138.6446417,95976,-34.8037049,138.6306857,3.0,-93.060713983
1566958000.27,-34.7729967,138.6446619,95996,-34.8037049,138.6306857,3.0,-92.1497993801
1566958000.32,-34.7730118,138.6446842,95914,-34.8037049,138.6306857,3.0,-87.9288533118
1566958000.38,-34.7730257,138.6447045,95778,-34.8037049,138.6306857,3.0,-88.464603251
1566958000.44,-34.7730407,138.6447267,95668,-34.8037049,138.6306857,3.0,-87.5984514234
1566958000.49,-34.7730546,138.644747,95970,-34.8037049,138.6306857,3.0,-90.3790860841
1566958000.54,-34.7730696,138.6447691,95764,-34.8037049,138.6306857,3.0,-96.0251443231
1566958000.6,-34.7730829,138.6447891,95934,-34.8037049,138.6306857,3.0,-87.9343326776
1566958000.65,-34.7730972,138.6448107,95642,-34.8037049,138.6306857,3.0,-100.581538352
1566958000.69,-34.7731105,138.6448308,95854,-34.8037049,138.6306857,3.0,-87.5605290708
1566958000.75,-34.7731249,138.6448524,95784,-34.8037049,138.6306857,3.0,-89.8981719445
1566958000.8,-34.7731382,138.6448725,95642,-34.8037049,138.6306857,3.0,-88.4956842089
1566958000.86,-34.7731525,138.6448941,95552,-34.8037049,138.6306857,3.0,-89.0004817953
1566958000.91,-34.7731658,138.6449142,95617,-34.8037049,138.6306857,3.0,-89.0827231599
1566958000.97,-34.7731802,138.6449359,95628,-34.8037049,138.6306857,3.0,-87.5018134841
1566958001.02,-34.7731935,138.6449558,95679,-34.8037049,138.6306857,3.0,-95.9051325005
1566958001.08,-34.7732078,138.6449774,95733,-34.8037049,138.6306857,3.0,-97.4312352389
1566958001.13,-34.7732211,138.6449975,95950,-34.8037049,138.6306857,3.0,-87.4162982972
1566958001.19,-34.7732355,138.6450192,95795,-34.8037049,138.6306857,3.0,-88.8223802993
1566958001.23,-34.7732488,138.6450393,95869,-34.8037049,138.6306857,3.0,-87.4442293933
1566958001.27,-34.7732631,138.6450609,96055,-34.8037049,138.6306857,3.0,-87.4240750369
1566958001.31,-34.7732764,138.6450808,95976,-34.8037049,138.6306857,3.0,-106.535162483
1566958001.36,-34.7732908,138.6451026,95953,-34.8037049,138.6306857,3.0,-108.664187554
1566958001.42,-34.7733039,138.6451226,96256,-34.8037049,138.6306857,3.0,-88.3721077981
1566958001.47,-34.7733184,138.6451443,96377,-34.8037049,138.6306857,3.0,-106.141062002
1566958001.52,-34.7733317,138.6451643,96332,-34.8037049,138.6306857,3.0,-87.6920168318
1566958001.58,-34.7733461,138.6451859,96496,-34.8037049,138.6306857,3.0,-92.9386001695
1566958001.63,-34.7733593,138.645206,96340,-34.8037049,138.6306857,3.0,-87.4183111946
1566958001.67,-34.7733737,138.6452277,96487,-34.8037049,138.6306857,3.0,-87.4214478336
1566958001.73,-34.773387,138.6452477,96462,-34.8037049,138.6306857,3.0,-87.8950838053
1566958001.78,-34.7734016,138.6452693,96578,-34.8037049,138.6306857,3.0,-88.5798910434
1566958001.83,-34.7734155,138.6452893,96663,-34.8037049,138.6306857,3.0,-92.4690019553
1566958001.89,-34.7734298,138.645311,96897,-34.8037049,138.6306857,3.0,-89.9489600892
1566958001.94,-34.7734436,138.645331,97019,-34.8037049,138.6306857,3.0,-88.6294665209
1566958002.0,-34.7734587,138.6453527,97030,-34.8037049,138.6306857,3.0,-87.4089981945
1566958002.04,-34.7734726,138.6453727,97185,-34.8037049,138.6306857,3.0,-88.5371873268
1566958002.1,-34.7734876,138.6453943,97146,-34.8037049,138.6306857,3.0,-90.2396026487
1566958002.15,-34.7735015,138.6454147,97160,-34.8037049,138.6306857,3.0,-100.851375042
1566958002.21,-34.7735166,138.6454368,97392,-34.8037049,138.6306857,3.0,-94.323959763
1566958002.27,-34.7735305,138.6454571,97685,-34.8037049,138.6306857,3.0,-88.3588408849
1566958002.31,-34.7735456,138.6454793,97587,-34.8037049,138.6306857,3.0,-92.7620824666
1566958002.36,-34.7735595,138.6454996,97798,-34.8037049,138.6306857,3.0,-88.212986663
1566958002.43,-34.7735745,138.6455217,98098,-34.8037049,138.6306857,3.0,-100.737386525
1566958002.48,-34.7735884,138.6455421,97982,-34.8037049,138.6306857,3.0,-90.724698029
1566958002.54,-34.7736036,138.6455643,98183,-34.8037049,138.6306857,3.0,-96.7101344792
1566958002.59,-34.7736175,138.6455847,98429,-34.8037049,138.6306857,3.0,-87.3324432121
1566958002.65,-34.7736325,138.6456067,98304,-34.8037049,138.6306857,3.0,-122.178826555
1566958002.7,-34.7736463,138.645627,98270,-34.8037049,138.6306857,3.0,-88.4809091524
1566958002.76,-34.7736614,138.6456491,98720,-34.8037049,138.6306857,3.0,-114.097671197
1566958002.81,-34.7736754,138.6456696,98607,-34.8037049,138.6306857,3.0,-90.372355048
1566958002.87,-34.7736904,138.6456916,98872,-34.8037049,138.6306857,3.0,-88.0812501092
1566958002.92,-34.7737043,138.6457121,98932,-34.8037049,138.6306857,3.0,-87.4099756308
1566958002.98,-34.7737194,138.6457342,98991,-34.8037049,138.6306857,3.0,-87.3314660017
1566958003.0,-34.7737332,138.6457546,99152,-34.8037049,138.6306857,3.0,-92.7106337627
1566958003.07,-34.7737483,138.6457767,98861,-34.8037049,138.6306857,3.0,-88.488922111
1566958003.11,-34.7737623,138.645797,99127,-34.8037049,138.6306857,3.0,-91.3270506561
1566958003.17,-34.7737773,138.6458192,99093,-34.8037049,138.6306857,3.0,-97.8775117401
1566958003.21,-34.7737912,138.6458395,99208,-34.8037049,138.6306857,3.0,-94.4386126628
1566958003.26,-34.7738062,138.6458616,99480,-34.8037049,138.6306857,3.0,-92.0134627558
1566958003.3,-34.7738201,138.645882,99338,-34.8037049,138.6306857,3.0,-90.2918531857
1566958003.36,-34.7738353,138.6459039,99403,-34.8037049,138.6306857,3.0,-88.4596522308
1566958003.41,-34.7738492,138.6459238,99443,-34.8037049,138.6306857,3.0,-91.3369798373
1566958003.47,-34.7738642,138.6459456,99514,-34.8037049,138.6306857,3.0,-123.580282306
1566958003.51,-34.7738781,138.6459655,99590,-34.8037049,138.6306857,3.0,-88.8372374613
1566958003.57,-34.7738931,138.6459872,99494,-34.8037049,138.6306857,3.0,-87.3046050889
1566958003.61,-34.773907,138.6460071,99615,-34.8037049,138.6306857,3.0,-98.3537811191
1566958003.66,-34.7739221,138.6460289,99861,-34.8037049,138.6306857,3.0,-88.2231372289
1566958003.72,-34.773936,138.6460488,99564,-34.8037049,138.6306857,3.0,-88.6331927072
1566958003.78,-34.7739511,138.6460706,99564,-34.8037049,138.6306857,3.0,-92.4703075605
1566958003.82,-34.7739649,138.6460905,99711,-34.8037049,138.6306857,3.0,-91.8950043942
1566958003.89,-34.77398,138.6461123,99957,-34.8037049,138.6306857,3.0,-88.2516698026
1566958003.94,-34.773994,138.6461323,99655,-34.8037049,138.6306857,3.0,-93.6213152801
1566958004.0,-34.774009,138.646154,99641,-34.8037049,138.6306857,3.0,-119.792803764
1566958004.06,-34.7740229,138.646174,99796,-34.8037049,138.6306857,3.0,-91.2017707997
1566958004.13,-34.774038,138.6461956,99824,-34.8037049,138.6306857,3.0,-87.6330154515
1566958004.18,-34.7740518,138.6462156,100076,-34.8037049,138.6306857,3.0,-104.9255787
1566958004.23,-34.7740669,138.6462373,100067,-34.8037049,138.6306857,3.0,-90.2375333059
1566958004.27,-34.7740809,138.6462574,100011,-34.8037049,138.6306857,3.0,-87.9938913149
1566958004.34,-34.7740959,138.646279,100022,-34.8037049,138.6306857,3.0,-94.5592195044
1566958004.39,-34.7741098,138.646299,99841,-34.8037049,138.6306857,3.0,-90.7291204406
1566958004.45,-34.7741248,138.6463207,100042,-34.8037049,138.6306857,3.0,-87.6419297208
1566958004.5,-34.7741387,138.6463407,99875,-34.8037049,138.6306857,3.0,-111.234876444
1566958004.57,-34.7741538,138.6463623,100070,-34.8037049,138.6306857,3.0,-90.4608765871
1566958004.61,-34.7741677,138.6463824,99906,-34.8037049,138.6306857,3.0,-89.9433056202
1566958004.67,-34.7741828,138.646404,99912,-34.8037049,138.6306857,3.0,-87.8096485906
1566958004.72,-34.7741967,138.6464241,100192,-34.8037049,138.6306857,3.0,-87.9212073707
1566958004.78,-34.7742117,138.6464457,100223,-34.8037049,138.6306857,3.0,-95.3493487834
1566958004.83,-34.7742256,138.6464657,100288,-34.8037049,138.6306857,3.0,-97.96661317
1566958004.85,-34.7742407,138.6464873,100268,-34.8037049,138.6306857,3.0,-99.904264927
1566958004.89,-34.7742546,138.6465074,100152,-34.8037049,138.6306857,3.0,-87.4809395601
1566958004.96,-34.7742697,138.646529,100268,-34.8037049,138.6306857,3.0,-96.199773991
1566958004.99,-34.7742835,138.646549,100062,-34.8037049,138.6306857,3.0,-88.338083038
1566958005.05,-34.7742986,138.6465708,100378,-34.8037049,138.6306857,3.0,-87.2469929199
1566958005.1,-34.7743125,138.6465907,100277,-34.8037049,138.6306857,3.0,-87.2461443754
1566958005.14,-34.7743276,138.6466125,100197,-34.8037049,138.6306857,3.0,-101.81239593
1566958005.2,-34.7743415,138.6466324,100367,-34.8037049,138.6306857,3.0,-88.0912678063
1566958005.25,-34.7743566,138.6466542,100418,-34.8037049,138.6306857,3.0,-88.0229104511
1566958005.3,-34.7743704,138.6466742,100455,-34.8037049,138.6306857,3.0,-89.3001513889
1566958005.36,-34.7743855,138.6466959,100217,-34.8037049,138.6306857,3.0,-87.4539577067
1566958005.41,-34.7743995,138.6467162,100025,-34.8037049,138.6306857,3.0,-91.1496685688
1566958005.48,-34.7744145,138.6467384,100107,-34.8037049,138.6306857,3.0,-88.6832176224
1566958005.53,-34.7744284,138.6467587,100342,-34.8037049,138.6306857,3.0,-92.841095572
1566958005.59,-34.7744434,138.6467808,100378,-34.8037049,138.6306857,3.0,-93.1268409721
1566958005.64,-34.7744573,138.6468011,100497,-34.8037049,138.6306857,3.0,-87.2277958853
1566958005.7,-34.7744725,138.6468227,100141,-34.8037049,138.6306857,3.0,-88.2471239373
1566958005.76,-34.7744864,138.6468427,100186,-34.8037049,138.6306857,3.0,-96.3972258705
1566958005.82,-34.7745014,138.6468644,100183,-34.8037049,138.6306857,3.0,-89.2573603095
1566958005.87,-34.7745153,138.6468844,100367,-34.8037049,138.6306857,3.0,-91.6262759419
1566958005.93,-34.7745303,138.6469061,100319,-34.8037049,138.6306857,3.0,-87.2283016417
1566958005.97,-34.7745442,138.6469261,100469,-34.8037049,138.6306857,3.0,-87.6848940258
1566958006.04,-34.7745594,138.6469478,100469,-34.8037049,138.6306857,3.0,-98.1855996071
1566958006.09,-34.7745733,138.6469678,100503,-34.8037049,138.6306857,3.0,-88.0917524275
1566958006.15,-34.7745883,138.6469895,100243,-34.8037049,138.6306857,3.0,-87.2148524398
1566958006.19,-34.7746021,138.6470095,100192,-34.8037049,138.6306857,3.0,-89.0004606797
1566958006.24,-34.7746172,138.6470311,100494,-34.8037049,138.6306857,3.0,-87.2361247402
1566958006.3,-34.7746312,138.6470512,100488,-34.8037049,138.6306857,3.0,-92.6601241102
1566958006.36,-34.7746462,138.6470728,100488,-34.8037049,138.6306857,3.0,-89.2189852866
1566958006.4,-34.7746601,138.6470928,100432,-34.8037049,138.6306857,3.0,-88.02461608
1566958006.44,-34.7746752,138.6471144,100327,-34.8037049,138.6306857,3.0,-89.4156527108
1566958006.49,-34.774689,138.6471345,100367,-34.8037049,138.6306857,3.0,-88.6773874426
1566958006.54,-34.7747041,138.6471561,100474,-34.8037049,138.6306857,3.0,-90.5019655581
1566958006.58,-34.7747181,138.6471762,100463,-34.8037049,138.6306857,3.0,-100.265517025
1566958006.64,-34.7747331,138.6471978,100212,-34.8037049,138.6306857,3.0,-89.544625472
1566958006.68,-34.774747,138.6472178,100477,-34.8037049,138.6306857,3.0,-93.2964725905
1566958006.72,-34.7747623,138.6472398,100229,-34.8037049,138.6306857,3.0,-87.5590901629
1566958006.78,-34.7747769,138.6472602,100067,-34.8037049,138.6306857,3.0,-96.8666279401
1566958006.84,-34.7747926,138.6472823,100262,-34.8037049,138.6306857,3.0,-88.1055575748
1566958006.89,-34.7748072,138.6473026,100392,-34.8037049,138.6306857,3.0,-121.266345283
1566958006.95,-34.7748228,138.6473248,100384,-34.8037049,138.6306857,3.0,-89.3979162563
1566958007.0,-34.7748374,138.6473451,100141,-34.8037049,138.6306857,3.0,-92.4748666923
1566958007.07,-34.7748528,138.6473667,100488,-34.8037049,138.6306857,3.0,-90.7641752391
1566958007.12,-34.7748666,138.6473868,100107,-34.8037049,138.6306857,3.0,-95.9727780902
1566958007.18,-34.7748817,138.6474084,100418,-34.8037049,138.6306857,3.0,-101.089840051
1566958007.23,-34.7748956,138.6474284,100294,-34.8037049,138.6306857,3.0,-88.5172729406
1566958007.28,-34.7749107,138.64745,100294,-34.8037049,138.6306857,3.0,-91.3127431087
1566958007.33,-34.7749246,138.6474701,100378,-34.8037049,138.6306857,3.0,-90.0688876623
1566958007.39,-34.7749397,138.6474917,100113,-34.8037049,138.6306857,3.0,-90.5731389126
1566958007.44,-34.7749541,138.6475118,100172,-34.8037049,138.6306857,3.0,-95.4652741037
1566958007.5,-34.7749698,138.6475334,100197,-34.8037049,138.6306857,3.0,-90.6820283779
1566958007.54,-34.7749844,138.6475534,100313,-34.8037049,138.6306857,3.0,-87.2110709615
1566958007.6,-34.7750002,138.6475752,100483,-34.8037049,138.6306857,3.0,-92.4072242392
1566958007.64,-34.7750147,138.6475951,100469,-34.8037049,138.6306857,3.0,-89.0138339073
1566958007.7,-34.7750304,138.6476167,100308,-34.8037049,138.6306857,3.0,-94.2523767361
1566958007.74,-34.7750449,138.6476367,100172,-34.8037049,138.6306857,3.0,-110.773201597
1566958007.79,-34.7750607,138.6476586,100327,-34.8037049,138.6306857,3.0,-89.8935938236
1566958007.84,-34.7750753,138.6476786,100404,-34.8037049,138.6306857,3.0,-87.6194866207
1566958007.9,-34.7750903,138.6477002,100364,-34.8037049,138.6306857,3.0,-101.199481079
1566958007.95,-34.7751042,138.6477201,100302,-34.8037049,138.6306857,3.0,-104.276984474
1566958008.0,-34.7751197,138.6477419,100277,-34.8037049,138.6306857,3.0,-92.1577370376
1566958008.05,-34.7751343,138.6477619,100062,-34.8037049,138.6306857,3.0,-127.782608758
1566958008.11,-34.7751499,138.6477836,100147,-34.8037049,138.6306857,3.0,-87.2708152358
1566958008.16,-34.7751644,138.6478036,100042,-34.8037049,138.6306857,3.0,-87.4007773034
1566958008.21,-34.7751802,138.6478253,100223,-34.8037049,138.6306857,3.0,-88.2244178717
1566958008.24,-34.7751948,138.6478453,100359,-34.8037049,138.6306857,3.0,-95.2996123623
1566958008.3,-34.7752106,138.647867,100132,-34.8037049,138.6306857,3.0,-103.862093122
1566958008.36,-34.7752251,138.647887,100231,-34.8037049,138.6306857,3.0,-98.6578904028
1566958008.41,-34.7752409,138.6479086,100152,-34.8037049,138.6306857,3.0,-87.2060493998
1566958008.46,-34.7752554,138.6479287,100257,-34.8037049,138.6306857,3.0,-87.1724180139
1566958008.52,-34.7752711,138.6479503,100113,-34.8037049,138.6306857,3.0,-87.4539890167
1566958008.57,-34.7752857,138.6479703,100186,-34.8037049,138.6306857,3.0,-88.1275623499
1566958008.63,-34.7753013,138.647992,99960,-34.8037049,138.6306857,3.0,-87.3183746287
1566958008.68,-34.7753159,138.6480121,100206,-34.8037049,138.6306857,3.0,-104.745026583
1566958008.74,-34.7753316,138.6480336,100333,-34.8037049,138.6306857,3.0,-87.9294529717
1566958008.79,-34.7753462,138.6480537,100212,-34.8037049,138.6306857,3.0,-97.3352009002
1566958008.85,-34.775362,138.6480753,100121,-34.8037049,138.6306857,3.0,-88.2675007409
1566958008.89,-34.7753765,138.6480954,100138,-34.8037049,138.6306857,3.0,-92.3112368835
1566958008.95,-34.7753922,138.6481171,100113,-34.8037049,138.6306857,3.0,-106.354333904
1566958009.0,-34.7754068,138.648137,100183,-34.8037049,138.6306857,3.0,-91.9969483061
1566958009.06,-34.7754225,138.6481586,100192,-34.8037049,138.6306857,3.0,-95.7383832919
1566958009.1,-34.7754371,138.6481787,100206,-34.8037049,138.6306857,3.0,-88.1783263021
1566958009.17,-34.7754527,138.6482004,100243,-34.8037049,138.6306857,3.0,-112.858243518
1566958009.21,-34.7754673,138.6482203,100067,-34.8037049,138.6306857,3.0,-95.6314643445
1566958009.25,-34.775483,138.6482421,100277,-34.8037049,138.6306857,3.0,-89.9182684941
1566958009.31,-34.7754976,138.648262,100262,-34.8037049,138.6306857,3.0,-91.9583263048
1566958009.37,-34.7755134,138.6482838,99932,-34.8037049,138.6306857,3.0,-94.2559974119
1566958009.42,-34.7755279,138.6483038,100158,-34.8037049,138.6306857,3.0,-95.3421100992
1566958009.47,-34.7755436,138.6483254,100257,-34.8037049,138.6306857,3.0,-111.333065247
1566958009.52,-34.7755582,138.6483455,99935,-34.8037049,138.6306857,3.0,-87.1170714961
1566958009.57,-34.7755739,138.6483672,99901,-34.8037049,138.6306857,3.0,-95.3286821766
1566958009.63,-34.7755885,138.6483872,100183,-34.8037049,138.6306857,3.0,-87.1062235202
1566958009.68,-34.7756041,138.6484088,100231,-34.8037049,138.6306857,3.0,-95.6596059709
1566958009.73,-34.7756187,138.6484288,99912,-34.8037049,138.6306857,3.0,-88.6379131629
1566958009.76,-34.7756344,138.6484505,99980,-34.8037049,138.6306857,3.0,-91.8946568187
1566958009.82,-34.775649,138.6484705,99847,-34.8037049,138.6306857,3.0,-102.418075501
1566958009.87,-34.7756648,138.6484922,99861,-34.8037049,138.6306857,3.0,-89.8403102344
1566958009.93,-34.7756794,138.6485122,99861,-34.8037049,138.6306857,3.0,-93.645471918
1566958009.98,-34.7756951,138.6485337,99875,-34.8037049,138.6306857,3.0,-102.809607766
1566958010.04,-34.7757096,138.6485533,100172,-34.8037049,138.6306857,3.0,-88.7796279634
1566958010.09,-34.7757254,138.6485746,100062,-34.8037049,138.6306857,3.0,-87.2624099734
1566958010.15,-34.7757399,138.6485942,99971,-34.8037049,138.6306857,3.0,-87.6150198962
1566958010.2,-34.7757555,138.6486155,99935,-34.8037049,138.6306857,3.0,-93.2896471759
1566958010.24,-34.7757701,138.6486351,100107,-34.8037049,138.6306857,3.0,-92.9709392932
1566958010.3,-34.7757858,138.6486563,100042,-34.8037049,138.6306857,3.0,-88.484389818
1566958010.35,-34.7758004,138.6486759,100132,-34.8037049,138.6306857,3.0,-88.5755295222
1566958010.4,-34.7758162,138.6486972,100217,-34.8037049,138.6306857,3.0,-95.087148129
1566958010.45,-34.7758307,138.6487168,100237,-34.8037049,138.6306857,3.0,-90.8698515283
1566958010.51,-34.7758465,138.6487383,99997,-34.8037049,138.6306857,3.0,-89.0921673717
1566958010.56,-34.775861,138.6487583,99895,-34.8037049,138.6306857,3.0,-92.9947627677
1566958010.61,-34.7758768,138.6487799,99971,-34.8037049,138.6306857,3.0,-87.0865682727
1566958010.67,-34.7758913,138.6488,99912,-34.8037049,138.6306857,3.0,-87.3630662297
1566958010.72,-34.7759071,138.6488216,99895,-34.8037049,138.6306857,3.0,-87.2646352108
1566958010.78,-34.7759215,138.6488417,99847,-34.8037049,138.6306857,3.0,-87.8131229437
1566958010.83,-34.7759373,138.6488633,99870,-34.8037049,138.6306857,3.0,-87.8286048767
1566958010.88,-34.7759518,138.6488834,100147,-34.8037049,138.6306857,3.0,-95.0657775502
1566958010.92,-34.7759676,138.6489051,100076,-34.8037049,138.6306857,3.0,-87.143152745
1566958010.97,-34.7759822,138.6489249,100147,-34.8037049,138.6306857,3.0,-88.9270877242
1566958011.03,-34.775998,138.6489461,99966,-34.8037049,138.6306857,3.0,-88.2706189018
1566958011.09,-34.7760125,138.6489657,100116,-34.8037049,138.6306857,3.0,-90.8269730382
1566958011.14,-34.7760282,138.648987,100158,-34.8037049,138.6306857,3.0,-90.2247995759
1566958011.2,-34.7760427,138.6490066,100087,-34.8037049,138.6306857,3.0,-96.0684882911
1566958011.23,-34.7760585,138.6490279,100011,-34.8037049,138.6306857,3.0,-87.2314160337
1566958011.28,-34.7760731,138.6490476,99881,-34.8037049,138.6306857,3.0,-87.6505574913
1566958011.32,-34.7760887,138.6490687,100121,-34.8037049,138.6306857,3.0,-113.203948147
1566958011.38,-34.7761032,138.6490887,99850,-34.8037049,138.6306857,3.0,-88.0833517134
1566958011.44,-34.776119,138.6491102,100022,-34.8037049,138.6306857,3.0,-88.2617987348
1566958011.49,-34.7761336,138.6491298,99850,-34.8037049,138.6306857,3.0,-87.0863168178
1566958011.54,-34.7761493,138.649151,99966,-34.8037049,138.6306857,3.0,-90.6164058052
1566958011.59,-34.7761639,138.6491706,100178,-34.8037049,138.6306857,3.0,-87.3225607218
1566958011.65,-34.7761796,138.649192,100237,-34.8037049,138.6306857,3.0,-88.9150290388
1566958011.71,-34.7761942,138.6492116,100141,-34.8037049,138.6306857,3.0,-88.6428558425
1566958011.76,-34.7762099,138.6492328,99921,-34.8037049,138.6306857,3.0,-89.4124212288
1566958011.81,-34.7762243,138.6492525,100138,-34.8037049,138.6306857,3.0,-106.757662593
1566958011.86,-34.7762401,138.6492736,100251,-34.8037049,138.6306857,3.0,-89.6993002836
1566958011.91,-34.7762546,138.6492934,100062,-34.8037049,138.6306857,3.0,-103.337664727
1566958011.96,-34.7762704,138.6493146,100192,-34.8037049,138.6306857,3.0,-87.4628472202
1566958012.01,-34.776285,138.6493342,100082,-34.8037049,138.6306857,3.0,-89.8722024703
1566958012.07,-34.7763007,138.6493554,100158,-34.8037049,138.6306857,3.0,-87.1687032998
1566958012.12,-34.7763153,138.6493751,99952,-34.8037049,138.6306857,3.0,-92.6033236114
1566958012.18,-34.776331,138.6493964,100217,-34.8037049,138.6306857,3.0,-92.0625229847
1566958012.22,-34.7763456,138.649416,99870,-34.8037049,138.6306857,3.0,-87.2822959565
1566958012.26,-34.7763613,138.6494373,99895,-34.8037049,138.6306857,3.0,-87.4719251101
1566958012.31,-34.7763757,138.6494569,100121,-34.8037049,138.6306857,3.0,-87.3269952603
1566958012.37,-34.7763915,138.649478,100067,-34.8037049,138.6306857,3.0,-88.1229982254
1566958012.42,-34.776406,138.6494976,99977,-34.8037049,138.6306857,3.0,-91.3569708343
1566958012.48,-34.7764218,138.649519,100192,-34.8037049,138.6306857,3.0,-87.0926119299
1566958012.53,-34.776437,138.6495387,100107,-34.8037049,138.6306857,3.0,-93.4863868685
1566958012.57,-34.7764534,138.6495598,100101,-34.8037049,138.6306857,3.0,-94.1276111531
1566958012.62,-34.7764686,138.6495794,100223,-34.8037049,138.6306857,3.0,-87.4249038696
1566958012.68,-34.776485,138.6496008,99816,-34.8037049,138.6306857,3.0,-98.4018534302
1566958012.74,-34.7765002,138.6496204,100022,-34.8037049,138.6306857,3.0,-87.1187871049
1566958012.79,-34.7765166,138.6496416,99889,-34.8037049,138.6306857,3.0,-87.3373223935
1566958012.83,-34.7765318,138.6496612,99915,-34.8037049,138.6306857,3.0,-87.9436845301
1566958012.89,-34.7765477,138.6496824,99952,-34.8037049,138.6306857,3.0,-108.262806911
1566958012.95,-34.7765622,138.649702,100141,-34.8037049,138.6306857,3.0,-105.272168146
1566958013.01,-34.7765781,138.6497234,100217,-34.8037049,138.6306857,3.0,-88.310205331
1566958013.05,-34.7765933,138.649743,100223,-34.8037049,138.6306857,3.0,-96.2691167469
1566958013.12,-34.7766091,138.6497642,100093,-34.8037049,138.6306857,3.0,-103.728657683
1566958013.17,-34.7766237,138.6497839,100101,-34.8037049,138.6306857,3.0,-87.5072589364
1566958013.22,-34.7766398,138.649805,100101,-34.8037049,138.6306857,3.0,-109.240125329
1566958013.27,-34.776655,138.6498246,99889,-34.8037049,138.6306857,3.0,-94.1108663094
1566958013.33,-34.7766714,138.649846,99895,-34.8037049,138.6306857,3.0,-89.2691482427
1566958013.39,-34.7766866,138.6498653,99946,-34.8037049,138.6306857,3.0,-87.4196340901
1566958013.44,-34.7767026,138.6498863,100116,-34.8037049,138.6306857,3.0,-103.294847711
1566958013.49,-34.7767173,138.6499055,99946,-34.8037049,138.6306857,3.0,-92.0799444055
1566958013.56,-34.7767338,138.6499268,99991,-34.8037049,138.6306857,3.0,-89.7722217333
1566958013.61,-34.7767489,138.6499464,99887,-34.8037049,138.6306857,3.0,-87.0533295757
1566958013.66,-34.7767653,138.6499672,99830,-34.8037049,138.6306857,3.0,-87.1129396516
1566958013.68,-34.7767805,138.6499864,99935,-34.8037049,138.6306857,3.0,-87.2675237826
1566958013.75,-34.776797,138.6500073,100172,-34.8037049,138.6306857,3.0,-100.681552102
1566958013.8,-34.7768122,138.6500265,100025,-34.8037049,138.6306857,3.0,-88.306106347
1566958013.86,-34.7768286,138.6500474,100217,-34.8037049,138.6306857,3.0,-96.7479652515
1566958013.9,-34.7768438,138.6500666,99901,-34.8037049,138.6306857,3.0,-87.3473750446
