1566957951.3,-34.8202893,138.6130332,25,-34.8037049,138.6306857,3.0,-92.9807414387
1566957951.36,-34.8202914,138.6130614,-79,-34.8037049,138.6306857,3.0,-88.4913504865
1566957951.42,-34.8202938,138.6130911,-107,-34.8037049,138.6306857,3.0,-88.2729817732
1566957951.45,-34.8202956,138.6131179,-795,-34.8037049,138.6306857,3.0,-88.855643249
1566957951.52,-34.8202977,138.6131469,-1681,-34.8037049,138.6306857,3.0,-84.9286730861
1566957951.57,-34.8202996,138.6131737,-2720,-34.8037049,138.6306857,3.0,-84.1714406655
1566957951.63,-34.8203017,138.6132031,-4475,-34.8037049,138.6306857,3.0,-113.981114253
1566957951.67,-34.8203036,138.6132305,-6016,-34.8037049,138.6306857,3.0,-91.8603982282
1566957951.73,-34.820306,138.613261,-2664,-34.8037049,138.6306857,3.0,-87.4424008583
1566957951.78,-34.8203083,138.6132898,-4567,-34.8037049,138.6306857,3.0,-84.0946361218
1566957951.81,-34.8203107,138.6133219,-7406,-34.8037049,138.6306857,3.0,-88.8054477201
1566957951.86,-34.8203129,138.6133515,-9280,-34.8037049,138.6306857,3.0,-87.6359932566
1566957951.91,-34.8203151,138.6133803,-8959,-34.8037049,138.6306857,3.0,-83.9368915959
1566957951.95,-34.8203169,138.613404,-8721,-34.8037049,138.6306857,3.0,-88.3040515868
1566957952.01,-34.8203186,138.613427,-8795,-34.8037049,138.6306857,3.0,-122.820932825
1566957952.06,-34.82032,138.6134462,-8614,-34.8037049,138.6306857,3.0,-85.1875644456
1566957952.12,-34.8203214,138.6134649,-8654,-34.8037049,138.6306857,3.0,-87.6183406113
1566957952.18,-34.8203227,138.6134804,-8614,-34.8037049,138.6306857,3.0,-93.9222048218
1566957952.23,-34.8203238,138.6134957,-8919,-34.8037049,138.6306857,3.0,-94.6592968255
1566957952.27,-34.8203247,138.6135086,-8992,-34.8037049,138.6306857,3.0,-84.3742596786
1566957952.33,-34.8203257,138.6135214,-9021,-34.8037049,138.6306857,3.0,-86.4704623447
1566957952.39,-34.8203266,138.613532,-8614,-34.8037049,138.6306857,3.0,-87.0484877198
1566957952.44,-34.8203272,138.6135426,-8891,-34.8037049,138.6306857,3.0,-87.4111227062
1566957952.5,-34.8203278,138.6135516,-8919,-34.8037049,138.6306857,3.0,-85.7629621116
1566957952.56,-34.8203285,138.6135605,-8625,-34.8037049,138.6306857,3.0,-89.7665635932
1566957952.6,-34.8203291,138.6135679,-8744,-34.8037049,138.6306857,3.0,-91.1656466376
1566957952.64,-34.8203299,138.6135754,-9021,-34.8037049,138.6306857,3.0,-93.1257351693
1566957952.68,-34.8203303,138.6135817,-8682,-34.8037049,138.6306857,3.0,-111.73667957
1566957952.73,-34.8203307,138.613588,-304,-34.8037049,138.6306857,3.0,-93.3766971712
1566957952.77,-34.8203309,138.6135933,-67,-34.8037049,138.6306857,3.0,-84.2781014618
1566957952.82,-34.8203314,138.6135986,-338,-34.8037049,138.6306857,3.0,-93.0565460336
1566957952.86,-34.8203316,138.6136032,-45,-34.8037049,138.6306857,3.0,-84.4040871806
1566957952.93,-34.820332,138.6136077,-56,-34.8037049,138.6306857,3.0,-116.730369328
1566957952.96,-34.8203322,138.6136115,-225,-34.8037049,138.6306857,3.0,-97.6492164507
1566957953.01,-34.8203327,138.6136153,45,-34.8037049,138.6306857,3.0,-84.4060389316
1566957953.07,-34.820333,138.6136187,-242,-34.8037049,138.6306857,3.0,-85.2470121097
1566957953.13,-34.8203333,138.613622,-79,-34.8037049,138.6306857,3.0,-89.8235836948
1566957953.18,-34.8203336,138.6136248,59,-34.8037049,138.6306857,3.0,-92.8388762696
1566957953.23,-34.8203339,138.6136277,-79,-34.8037049,138.6306857,3.0,-89.8382234913
1566957953.28,-34.8203343,138.61363,-321,-34.8037049,138.6306857,3.0,-83.8473129851
1566957953.35,-34.8203345,138.6136325,-135,-34.8037049,138.6306857,3.0,-90.2517241292
1566957953.41,-34.8203346,138.6136344,-152,-34.8037049,138.6306857,3.0,-83.9436972356
1566957953.46,-34.8203346,138.6136364,-248,-34.8037049,138.6306857,3.0,-93.5942603001
1566957953.51,-34.8203346,138.6136382,-186,-34.8037049,138.6306857,3.0,-85.1622204056
1566957953.57,-34.8203346,138.6136398,33,-34.8037049,138.6306857,3.0,-89.1049627814
1566957953.63,-34.8203346,138.6136415,-67,-34.8037049,138.6306857,3.0,-84.2473131125
1566957953.69,-34.8203346,138.6136431,-56,-34.8037049,138.6306857,3.0,-115.039522217
1566957953.74,-34.8203346,138.6136443,-191,-34.8037049,138.6306857,3.0,-90.78089418
1566957953.79,-34.8203346,138.6136455,79,-34.8037049,138.6306857,3.0,-89.8893799844
1566957953.84,-34.8203346,138.6136467,-101,-34.8037049,138.6306857,3.0,-84.5070224964
1566957953.89,-34.8203346,138.6136479,-316,-34.8037049,138.6306857,3.0,-85.0382852822
1566957953.94,-34.8203346,138.6136487,-287,-34.8037049,138.6306857,3.0,-85.752592061
1566957954.01,-34.8203346,138.6136496,11,-34.8037049,138.6306857,3.0,-84.322824033
1566957954.06,-34.8203346,138.6136503,231,-34.8037049,138.6306857,3.0,-85.9344671454
1566957954.12,-34.8203346,138.6136512,288,-34.8037049,138.6306857,3.0,-85.0948764424
1566957954.17,-34.8203346,138.613652,-39,-34.8037049,138.6306857,3.0,-84.2799752269
1566957954.22,-34.8203346,138.6136527,81,-34.8037049,138.6306857,3.0,-94.5780560679
1566957954.26,-34.8203346,138.6136535,352,-34.8037049,138.6306857,3.0,-84.5796081338
1566957954.31,-34.8203346,138.613654,127,-34.8037049,138.6306857,3.0,-83.9762086133
1566957954.35,-34.8203346,138.6136544,155,-34.8037049,138.6306857,3.0,-84.0002614022
1566957954.4,-34.8203346,138.6136548,110,-34.8037049,138.6306857,3.0,-99.43521379
1566957954.45,-34.8203346,138.6136551,307,-34.8037049,138.6306857,3.0,-110.052918804
1566957954.5,-34.8203346,138.6136555,341,-34.8037049,138.6306857,3.0,-87.2568617075
1566957954.54,-34.8203346,138.613656,367,-34.8037049,138.6306857,3.0,-89.7602720044
1566957954.6,-34.8203346,138.6136564,70,-34.8037049,138.6306857,3.0,-83.842583214
1566957954.65,-34.8203346,138.6136568,28,-34.8037049,138.6306857,3.0,-120.417399802
1566957954.72,-34.8203346,138.6136572,-45,-34.8037049,138.6306857,3.0,-84.4134615984
1566957954.77,-34.8203346,138.6136575,135,-34.8037049,138.6306857,3.0,-90.394866198
1566957954.83,-34.8203346,138.6136579,327,-34.8037049,138.6306857,3.0,-86.431101747
1566957954.89,-34.8203346,138.6136584,28,-34.8037049,138.6306857,3.0,-120.345401801
1566957954.95,-34.8203346,138.6136588,321,-34.8037049,138.6306857,3.0,-83.8515240099
1566957954.99,-34.8203346,138.6136592,146,-34.8037049,138.6306857,3.0,-87.1513988302
1566957955.03,-34.8203346,138.6136594,200,-34.8037049,138.6306857,3.0,-89.3851671185
1566957955.07,-34.8203346,138.6136594,271,-34.8037049,138.6306857,3.0,-86.2117600055
1566957955.14,-34.8203346,138.6136594,220,-34.8037049,138.6306857,3.0,-93.6048500757
1566957955.19,-34.8203346,138.6136594,211,-34.8037049,138.6306857,3.0,-84.0585763328
1566957955.25,-34.8203346,138.6136594,-118,-34.8037049,138.6306857,3.0,-87.2923846021
1566957955.3,-34.8203346,138.6136594,-197,-34.8037049,138.6306857,3.0,-97.1395752778
1566957955.37,-34.8203346,138.6136594,-16,-34.8037049,138.6306857,3.0,-84.0739148339
1566957955.41,-34.8203346,138.6136594,-73,-34.8037049,138.6306857,3.0,-84.4642398697
1566957955.46,-34.8203346,138.6136594,-62,-34.8037049,138.6306857,3.0,-87.5891157295
1566957955.5,-34.8203346,138.6136594,-231,-34.8037049,138.6306857,3.0,-85.893349343
1566957955.56,-34.8203346,138.6136594,144,-34.8037049,138.6306857,3.0,-89.8196170299
1566957955.61,-34.8203346,138.6136594,-186,-34.8037049,138.6306857,3.0,-85.2144282674
1566957955.67,-34.8203346,138.6136594,121,-34.8037049,138.6306857,3.0,-84.9517061692
1566957955.7,-34.8203346,138.6136594,-107,-34.8037049,138.6306857,3.0,-90.1648102462
1566957955.75,-34.8203346,138.6136594,-16,-34.8037049,138.6306857,3.0,-84.0739148339
1566957955.8,-34.8203346,138.6136594,149,-34.8037049,138.6306857,3.0,-84.8823404917
1566957955.85,-34.8203346,138.6136594,129,-34.8037049,138.6306857,3.0,-84.571772928
1566957955.91,-34.8203346,138.6136594,-112,-34.8037049,138.6306857,3.0,-108.264402848
1566957955.96,-34.8203346,138.6136594,-225,-34.8037049,138.6306857,3.0,-96.5702873973
1566957956.01,-34.8203346,138.6136594,-175,-34.8037049,138.6306857,3.0,-86.1029116109
1566957956.06,-34.8203346,138.6136594,-146,-34.8037049,138.6306857,3.0,-87.1506124366
1566957956.11,-34.8203346,138.6136594,-135,-34.8037049,138.6306857,3.0,-90.405945978
1566957956.16,-34.8203346,138.6136594,76,-34.8037049,138.6306857,3.0,-86.2682927666
1566957956.21,-34.8203346,138.6136594,129,-34.8037049,138.6306857,3.0,-84.571772928
1566957956.27,-34.8203346,138.6136594,-152,-34.8037049,138.6306857,3.0,-83.9249227509
1566957956.32,-34.8203346,138.6136594,124,-34.8037049,138.6306857,3.0,-83.9446927754
1566957956.38,-34.8203346,138.6136594,-231,-34.8037049,138.6306857,3.0,-85.893349343
1566957956.42,-34.8203346,138.6136594,-22,-34.8037049,138.6306857,3.0,-88.0695644967
1566957956.49,-34.8203346,138.6136594,-208,-34.8037049,138.6306857,3.0,-83.8913780755
1566957956.54,-34.8203346,138.6136594,64,-34.8037049,138.6306857,3.0,-85.7441079449
1566957956.6,-34.8203346,138.6136594,-129,-34.8037049,138.6306857,3.0,-84.571772928
1566957956.65,-34.8203346,138.6136594,0,-34.8037049,138.6306857,3.0,-84.571772928
1566957956.7,-34.8203346,138.6136594,-73,-34.8037049,138.6306857,3.0,-84.4642398697
1566957956.71,-34.8203346,138.6136594,-220,-34.8037049,138.6306857,3.0,-93.6048500757
1566957956.76,-34.8203346,138.6136594,84,-34.8037049,138.6306857,3.0,-110.760889843
1566957956.81,-34.8203346,138.6136594,163,-34.8037049,138.6306857,3.0,-90.6559852229
1566957956.88,-34.8203346,138.6136594,-56,-34.8037049,138.6306857,3.0,-114.281081073
1566957956.93,-34.8203346,138.6136594,-192,-34.8037049,138.6306857,3.0,-93.2338363462
1566957956.99,-34.8203346,138.6136594,-208,-34.8037049,138.6306857,3.0,-83.8913780755
1566957957.04,-34.8203346,138.6136594,-225,-34.8037049,138.6306857,3.0,-96.5702873973
1566957957.1,-34.8203346,138.6136594,39,-34.8037049,138.6306857,3.0,-84.2761647448
1566957957.16,-34.8203346,138.6136594,180,-34.8037049,138.6306857,3.0,-83.9071539083
1566957957.22,-34.8203346,138.6136594,-79,-34.8037049,138.6306857,3.0,-89.9320969134
1566957957.26,-34.8203346,138.6136594,-135,-34.8037049,138.6306857,3.0,-90.405945978
1566957957.31,-34.8203346,138.6136594,73,-34.8037049,138.6306857,3.0,-84.4642398697
1566957957.36,-34.8203346,138.6136594,160,-34.8037049,138.6306857,3.0,-86.6233698068
1566957957.4,-34.8203346,138.6136594,-220,-34.8037049,138.6306857,3.0,-93.6048500757
1566957957.45,-34.8203346,138.6136594,169,-34.8037049,138.6306857,3.0,-97.750911857
1566957957.49,-34.8203346,138.6136594,25,-34.8037049,138.6306857,3.0,-93.7987174191
1566957957.54,-34.8203346,138.6136594,-62,-34.8037049,138.6306857,3.0,-87.5891157295
1566957957.59,-34.8203346,138.6136594,-186,-34.8037049,138.6306857,3.0,-85.2144282674
1566957957.63,-34.8203346,138.6136594,-146,-34.8037049,138.6306857,3.0,-87.1506124366
1566957957.68,-34.8203346,138.6136594,-56,-34.8037049,138.6306857,3.0,-114.281081073
1566957957.73,-34.8203346,138.6136594,56,-34.8037049,138.6306857,3.0,-114.281081073
1566957957.8,-34.8203346,138.6136594,-101,-34.8037049,138.6306857,3.0,-84.5168596784
1566957957.85,-34.8203346,138.6136594,107,-34.8037049,138.6306857,3.0,-90.1648102462
1566957957.91,-34.8203346,138.6136594,155,-34.8037049,138.6306857,3.0,-84.0028368177
1566957957.98,-34.8203346,138.6136594,31,-34.8037049,138.6306857,3.0,-93.0561731386
1566957958.02,-34.8203346,138.6136594,155,-34.8037049,138.6306857,3.0,-84.0028368177
1566957958.08,-34.8203346,138.6136594,180,-34.8037049,138.6306857,3.0,-83.9071539083
1566957958.15,-34.8203346,138.6136594,39,-34.8037049,138.6306857,3.0,-84.2761647448
1566957958.21,-34.8203346,138.6136594,217,-34.8037049,138.6306857,3.0,-87.9857508886
1566957958.25,-34.8203346,138.6136594,307,-34.8037049,138.6306857,3.0,-109.432479345
1566957958.31,-34.8203346,138.6136594,11,-34.8037049,138.6306857,3.0,-84.3198723001
1566957958.37,-34.8203346,138.6136594,186,-34.8037049,138.6306857,3.0,-85.2144282674
1566957958.43,-34.8203346,138.6136594,64,-34.8037049,138.6306857,3.0,-85.7441079449
1566957958.48,-34.8203346,138.6136594,-67,-34.8037049,138.6306857,3.0,-84.2346269658
1566957958.54,-34.8203346,138.6136594,81,-34.8037049,138.6306857,3.0,-94.6193396543
1566957958.6,-34.8203346,138.6136594,-50,-34.8037049,138.6306857,3.0,-88.2398556257
1566957958.65,-34.8203346,138.6136594,160,-34.8037049,138.6306857,3.0,-86.6233698068
1566957958.71,-34.8203346,138.6136594,36,-34.8037049,138.6306857,3.0,-85.8425688291
1566957958.77,-34.8203346,138.6136594,288,-34.8037049,138.6306857,3.0,-85.0608050711
1566957958.83,-34.8203346,138.6136594,0,-34.8037049,138.6306857,3.0,-85.0608050711
1566957958.88,-34.8203346,138.6136594,245,-34.8037049,138.6306857,3.0,-88.1533981395
1566957958.94,-34.8203346,138.6136594,56,-34.8037049,138.6306857,3.0,-114.281081073
1566957959.01,-34.8203346,138.6136594,135,-34.8037049,138.6306857,3.0,-90.405945978
1566957959.04,-34.8203346,138.6136594,-11,-34.8037049,138.6306857,3.0,-84.3198723001
1566957959.09,-34.8203346,138.6136594,-146,-34.8037049,138.6306857,3.0,-87.1506124366
1566957959.13,-34.8203346,138.6136594,161,-34.8037049,138.6306857,3.0,-87.6655646849
1566957959.2,-34.8203346,138.6136594,25,-34.8037049,138.6306857,3.0,-93.7987174191
1566957959.23,-34.8203346,138.6136594,-141,-34.8037049,138.6306857,3.0,-98.4106707369
1566957959.28,-34.8203346,138.6136594,-56,-34.8037049,138.6306857,3.0,-114.281081073
1566957959.31,-34.8203346,138.6136594,11,-34.8037049,138.6306857,3.0,-84.3198723001
1566957959.37,-34.8203346,138.6136594,-62,-34.8037049,138.6306857,3.0,-87.5891157295
1566957959.43,-34.8203346,138.6136594,141,-34.8037049,138.6306857,3.0,-98.4106707369
1566957959.49,-34.8203346,138.6136594,-5,-34.8037049,138.6306857,3.0,-89.2802754371
1566957959.54,-34.8203346,138.6136594,-197,-34.8037049,138.6306857,3.0,-97.1395752778
1566957959.6,-34.8203346,138.6136594,-90,-34.8037049,138.6306857,3.0,-87.4385027838
1566957959.65,-34.8203346,138.6136594,152,-34.8037049,138.6306857,3.0,-83.9249227509
1566957959.71,-34.8203346,138.6136594,-45,-34.8037049,138.6306857,3.0,-84.4138858782
1566957959.76,-34.8203346,138.6136594,-62,-34.8037049,138.6306857,3.0,-87.5891157295
1566957959.83,-34.8203346,138.6136594,-11,-34.8037049,138.6306857,3.0,-84.3198723001
1566957959.87,-34.8203346,138.6136594,-101,-34.8037049,138.6306857,3.0,-84.5168596784
1566957959.94,-34.8203346,138.6136594,-16,-34.8037049,138.6306857,3.0,-84.0739148339
1566957959.97,-34.8203346,138.6136594,-118,-34.8037049,138.6306857,3.0,-87.2923846021
1566957960.02,-34.8203346,138.6136594,135,-34.8037049,138.6306857,3.0,-90.405945978
1566957960.08,-34.8203346,138.6136594,-45,-34.8037049,138.6306857,3.0,-84.4138858782
1566957960.13,-34.8203346,138.6136594,172,-34.8037049,138.6306857,3.0,-89.5986957622
1566957960.19,-34.8203346,138.6136594,-135,-34.8037049,138.6306857,3.0,-90.405945978
1566957960.24,-34.8203346,138.6136594,-118,-34.8037049,138.6306857,3.0,-87.2923846021
1566957960.29,-34.8203346,138.6136594,-62,-34.8037049,138.6306857,3.0,-87.5891157295
1566957960.34,-34.8203346,138.6136594,206,-34.8037049,138.6306857,3.0,-84.3427216528
1566957960.38,-34.8203346,138.6136594,231,-34.8037049,138.6306857,3.0,-85.893349343
1566957960.44,-34.8203346,138.6136594,200,-34.8037049,138.6306857,3.0,-89.3851671185
1566957960.49,-34.8203346,138.6136594,217,-34.8037049,138.6306857,3.0,-87.9857508886
1566957960.55,-34.8203346,138.6136594,64,-34.8037049,138.6306857,3.0,-85.7441079449
1566957960.6,-34.8203346,138.6136594,107,-34.8037049,138.6306857,3.0,-90.1648102462
1566957960.65,-34.8203346,138.6136594,282,-34.8037049,138.6306857,3.0,-92.5442422133
1566957960.71,-34.8203346,138.6136594,-73,-34.8037049,138.6306857,3.0,-84.4642398697
1566957960.76,-34.8203346,138.6136594,-107,-34.8037049,138.6306857,3.0,-90.1648102462
1566957960.82,-34.8203346,138.6136594,-33,-34.8037049,138.6306857,3.0,-89.0772048621
1566957960.87,-34.8203346,138.6136594,-33,-34.8037049,138.6306857,3.0,-89.0772048621
1566957960.92,-34.8203346,138.6136594,62,-34.8037049,138.6306857,3.0,-87.5891157295
1566957960.97,-34.8203346,138.6136594,231,-34.8037049,138.6306857,3.0,-85.893349343
1566957961.02,-34.8203346,138.6136594,-33,-34.8037049,138.6306857,3.0,-89.0772048621
1566957961.07,-34.8203346,138.6136594,45,-34.8037049,138.6306857,3.0,-84.4138858782
1566957961.13,-34.8203346,138.6136594,-73,-34.8037049,138.6306857,3.0,-84.4642398697
1566957961.18,-34.8203346,138.6136594,19,-34.8037049,138.6306857,3.0,-85.3374407357
1566957961.23,-34.8203346,138.6136594,276,-34.8037049,138.6306857,3.0,-94.4044494411
1566957961.27,-34.8203346,138.6136594,296,-34.8037049,138.6306857,3.0,-84.4900641518
1566957961.33,-34.8203346,138.6136594,-62,-34.8037049,138.6306857,3.0,-87.5891157295
1566957961.38,-34.8203346,138.6136594,42,-34.8037049,138.6306857,3.0,-83.8382136438
1566957961.44,-34.8203346,138.6136594,-73,-34.8037049,138.6306857,3.0,-84.4642398697
1566957961.49,-34.8203346,138.6136594,225,-34.8037049,138.6306857,3.0,-96.5702873973
1566957961.55,-34.8203346,138.6136594,-322,-34.8037049,138.6306857,3.0,-83.9662993102
1566957961.6,-34.8203346,138.6136594,-11,-34.8037049,138.6306857,3.0,-84.3198723001
1566957961.65,-34.8203346,138.6136594,-203,-34.8037049,138.6306857,3.0,-85.9965181739
1566957961.7,-34.8203346,138.6136594,-192,-34.8037049,138.6306857,3.0,-93.2338363462
1566957961.76,-34.8203346,138.6136594,-192,-34.8037049,138.6306857,3.0,-93.2338363462
1566957961.8,-34.8203346,138.6136594,19,-34.8037049,138.6306857,3.0,-85.3374407357
1566957961.85,-34.8203346,138.6136594,-226,-34.8037049,138.6306857,3.0,-93.2366004327
1566957961.91,-34.8203346,138.6136594,-271,-34.8037049,138.6306857,3.0,-86.2117600055
1566957961.97,-34.8203346,138.6136594,-231,-34.8037049,138.6306857,3.0,-85.893349343
1566957962.02,-34.8203346,138.6136594,-305,-34.8037049,138.6306857,3.0,-99.1211209469
1566957962.07,-34.8203346,138.6136594,-259,-34.8037049,138.6306857,3.0,-85.793329405
1566957962.11,-34.8203346,138.6136594,-158,-34.8037049,138.6306857,3.0,-85.1360101133
1566957962.17,-34.8203346,138.6136594,-259,-34.8037049,138.6306857,3.0,-85.793329405
1566957962.22,-34.8203346,138.6136594,-73,-34.8037049,138.6306857,3.0,-84.4642398697
1566957962.27,-34.8203346,138.6136594,5,-34.8037049,138.6306857,3.0,-89.2802754371
1566957962.32,-34.8203346,138.6136594,-96,-34.8037049,138.6306857,3.0,-83.9664731133
1566957962.37,-34.8203346,138.6136594,-310,-34.8037049,138.6306857,3.0,-92.2205125879
1566957962.42,-34.8203346,138.6136594,-158,-34.8037049,138.6306857,3.0,-85.1360101133
1566957962.48,-34.8203346,138.6136594,-259,-34.8037049,138.6306857,3.0,-85.793329405
1566957962.52,-34.8203346,138.6136594,-84,-34.8037049,138.6306857,3.0,-110.760889843
1566957962.58,-34.8203346,138.6136594,-350,-34.8037049,138.6306857,3.0,-83.9900846149
1566957962.63,-34.8203346,138.6136594,-344,-34.8037049,138.6306857,3.0,-84.9169736321
1566957962.69,-34.8203346,138.6136594,-226,-34.8037049,138.6306857,3.0,-93.2366004327
1566957962.75,-34.8203346,138.6136594,-197,-34.8037049,138.6306857,3.0,-97.1395752778
1566957962.8,-34.8203346,138.6136594,0,-34.8037049,138.6306857,3.0,-97.1395752778
1566957962.85,-34.8203346,138.6136594,-129,-34.8037049,138.6306857,3.0,-84.571772928
1566957962.91,-34.8203346,138.6136594,-67,-34.8037049,138.6306857,3.0,-84.2346269658
1566957962.97,-34.8203346,138.6136594,79,-34.8037049,138.6306857,3.0,-89.9320969134
1566957963.03,-34.8203346,138.6136594,211,-34.8037049,138.6306857,3.0,-84.0585763328
1566957963.08,-34.8203346,138.6136594,121,-34.8037049,138.6306857,3.0,-84.9517061692
1566957963.14,-34.8203346,138.6136594,146,-34.8037049,138.6306857,3.0,-87.1506124366
1566957963.19,-34.8203346,138.6136594,141,-34.8037049,138.6306857,3.0,-98.4106707369
1566957963.24,-34.8203346,138.6136594,84,-34.8037049,138.6306857,3.0,-110.760889843
1566957963.28,-34.8203346,138.6136594,200,-34.8037049,138.6306857,3.0,-89.3851671185
1566957963.34,-34.8203346,138.6136594,-33,-34.8037049,138.6306857,3.0,-89.0772048621
1566957963.39,-34.8203346,138.6136594,175,-34.8037049,138.6306857,3.0,-86.1029116109
1566957963.45,-34.8203346,138.6136594,161,-34.8037049,138.6306857,3.0,-87.6655646849
1566957963.5,-34.8203346,138.6136594,-67,-34.8037049,138.6306857,3.0,-84.2346269658
1566957963.56,-34.8203346,138.6136594,5,-34.8037049,138.6306857,3.0,-89.2802754371
1566957963.61,-34.8203346,138.6136594,25,-34.8037049,138.6306857,3.0,-93.7987174191
1566957963.67,-34.8203346,138.6136594,-73,-34.8037049,138.6306857,3.0,-84.4642398697
1566957963.69,-34.8203346,138.6136594,70,-34.8037049,138.6306857,3.0,-83.8421359961
1566957963.74,-34.8203346,138.6136594,-45,-34.8037049,138.6306857,3.0,-84.4138858782
1566957963.78,-34.8203346,138.6136594,-101,-34.8037049,138.6306857,3.0,-84.5168596784
1566957963.83,-34.8203346,138.6136594,-62,-34.8037049,138.6306857,3.0,-87.5891157295
1566957963.88,-34.8203346,138.6136594,31,-34.8037049,138.6306857,3.0,-93.0561731386
1566957963.94,-34.8203346,138.6136594,237,-34.8037049,138.6306857,3.0,-83.8369806858
1566957963.99,-34.8203346,138.6136594,79,-34.8037049,138.6306857,3.0,-89.9320969134
1566957964.06,-34.8203346,138.6136594,81,-34.8037049,138.6306857,3.0,-94.6193396543
1566957964.11,-34.8203346,138.6136594,115,-34.8037049,138.6306857,3.0,-92.0625973269
1566957964.16,-34.8203346,138.6136594,-73,-34.8037049,138.6306857,3.0,-84.4642398697
1566957964.21,-34.8203346,138.6136594,-96,-34.8037049,138.6306857,3.0,-83.9664731133
1566957964.26,-34.8203346,138.6136594,-39,-34.8037049,138.6306857,3.0,-84.2761647448
1566957964.31,-34.8203346,138.6136594,-175,-34.8037049,138.6306857,3.0,-86.1029116109
1566957964.37,-34.8203346,138.6136594,-175,-34.8037049,138.6306857,3.0,-86.1029116109
1566957964.43,-34.8203346,138.6136594,62,-34.8037049,138.6306857,3.0,-87.5891157295
1566957964.49,-34.8203346,138.6136594,-226,-34.8037049,138.6306857,3.0,-93.2366004327
1566957964.55,-34.8203346,138.6136594,-90,-34.8037049,138.6306857,3.0,-87.4385027838
1566957964.61,-34.8203346,138.6136594,-118,-34.8037049,138.6306857,3.0,-87.2923846021
1566957964.67,-34.8203346,138.6136594,-16,-34.8037049,138.6306857,3.0,-84.0739148339
1566957964.73,-34.8203346,138.6136594,42,-34.8037049,138.6306857,3.0,-83.8382136438
1566957964.78,-34.8203346,138.6136594,-56,-34.8037049,138.6306857,3.0,-114.281081073
1566957964.85,-34.8203346,138.6136594,146,-34.8037049,138.6306857,3.0,-87.1506124366
1566957964.9,-34.8203346,138.6136594,81,-34.8037049,138.6306857,3.0,-94.6193396543
1566957964.96,-34.8203346,138.6136594,113,-34.8037049,138.6306857,3.0,-99.1268219884
1566957965.01,-34.8203346,138.6136594,180,-34.8037049,138.6306857,3.0,-83.9071539083
1566957965.06,-34.8203346,138.6136594,-22,-34.8037049,138.6306857,3.0,-88.0695644967
1566957965.12,-34.8203346,138.6136594,-11,-34.8037049,138.6306857,3.0,-84.3198723001
1566957965.18,-34.8203346,138.6136594,11,-34.8037049,138.6306857,3.0,-84.3198723001
1566957965.22,-34.8203346,138.6136594,62,-34.8037049,138.6306857,3.0,-87.5891157295
1566957965.27,-34.8203346,138.6136594,31,-34.8037049,138.6306857,3.0,-93.0561731386
1566957965.32,-34.8203346,138.6136594,-16,-34.8037049,138.6306857,3.0,-84.0739148339
1566957965.38,-34.8203346,138.6136594,-192,-34.8037049,138.6306857,3.0,-93.2338363462
1566957965.41,-34.8203346,138.6136594,-180,-34.8037049,138.6306857,3.0,-83.9071539083
1566957965.47,-34.8203346,138.6136594,175,-34.8037049,138.6306857,3.0,-86.1029116109
1566957965.52,-34.8203346,138.6136594,-62,-34.8037049,138.6306857,3.0,-87.5891157295
1566957965.58,-34.8203346,138.6136594,-163,-34.8037049,138.6306857,3.0,-90.6559852229
1566957965.63,-34.8203346,138.6136594,-5,-34.8037049,138.6306857,3.0,-89.2802754371
1566957965.69,-34.8203346,138.6136594,-67,-34.8037049,138.6306857,3.0,-84.2346269658
1566957965.75,-34.8203346,138.6136594,-33,-34.8037049,138.6306857,3.0,-89.0772048621
1566957965.8,-34.8203346,138.6136594,-113,-34.8037049,138.6306857,3.0,-99.1268219884
1566957965.86,-34.8203346,138.6136594,101,-34.8037049,138.6306857,3.0,-84.5168596784
1566957965.92,-34.8203346,138.6136594,-129,-34.8037049,138.6306857,3.0,-84.571772928
1566957965.97,-34.8203346,138.6136594,0,-34.8037049,138.6306857,3.0,-84.571772928
1566957966.03,-34.8203346,138.6136594,-203,-34.8037049,138.6306857,3.0,-85.9965181739
1566957966.08,-34.8203346,138.6136594,-163,-34.8037049,138.6306857,3.0,-90.6559852229
1566957966.12,-34.8203346,138.6136594,146,-34.8037049,138.6306857,3.0,-87.1506124366
1566957966.17,-34.8203346,138.6136594,-33,-34.8037049,138.6306857,3.0,-89.0772048621
1566957966.23,-34.8203346,138.6136594,-113,-34.8037049,138.6306857,3.0,-99.1268219884
1566957966.27,-34.8203346,138.6136594,-175,-34.8037049,138.6306857,3.0,-86.1029116109
1566957966.34,-34.8203346,138.6136594,76,-34.8037049,138.6306857,3.0,-86.2682927666
1566957966.39,-34.8203346,138.6136594,-96,-34.8037049,138.6306857,3.0,-83.9664731133
1566957966.45,-34.8203346,138.6136594,-101,-34.8037049,138.6306857,3.0,-84.5168596784
1566957966.5,-34.8203346,138.6136594,-124,-34.8037049,138.6306857,3.0,-83.9446927754
1566957966.56,-34.8203346,138.6136594,59,-34.8037049,138.6306857,3.0,-92.7102110409
1566957966.61,-34.8203346,138.6136594,45,-34.8037049,138.6306857,3.0,-84.4138858782
1566957966.66,-34.8203346,138.6136594,-113,-34.8037049,138.6306857,3.0,-99.1268219884
1566957966.71,-34.8203346,138.6136594,39,-34.8037049,138.6306857,3.0,-84.2761647448
1566957966.75,-34.8203346,138.6136594,161,-34.8037049,138.6306857,3.0,-87.6655646849
1566957966.81,-34.8203346,138.6136594,-56,-34.8037049,138.6306857,3.0,-114.281081073
1566957966.87,-34.8203346,138.6136594,-242,-34.8037049,138.6306857,3.0,-85.3793946899
1566957966.93,-34.8203346,138.6136594,-259,-34.8037049,138.6306857,3.0,-85.793329405
1566957966.98,-34.8203346,138.6136594,45,-34.8037049,138.6306857,3.0,-84.4138858782
1566957967.03,-34.8203346,138.6136594,-186,-34.8037049,138.6306857,3.0,-85.2144282674
1566957967.09,-34.8203346,138.6136594,129,-34.8037049,138.6306857,3.0,-84.571772928
1566957967.14,-34.8203346,138.6136594,5,-34.8037049,138.6306857,3.0,-89.2802754371
1566957967.19,-34.8203346,138.6136594,-113,-34.8037049,138.6306857,3.0,-99.1268219884
1566957967.24,-34.8203346,138.6136594,-203,-34.8037049,138.6306857,3.0,-85.9965181739
1566957967.28,-34.8203346,138.6136594,110,-34.8037049,138.6306857,3.0,-99.506126782
1566957967.33,-34.8203346,138.6136594,81,-34.8037049,138.6306857,3.0,-94.6193396543
1566957967.39,-34.8203346,138.6136594,-113,-34.8037049,138.6306857,3.0,-99.1268219884
1566957967.44,-34.8203346,138.6136594,141,-34.8037049,138.6306857,3.0,-98.4106707369
1566957967.5,-34.8203346,138.6136594,-56,-34.8037049,138.6306857,3.0,-114.281081073
1566957967.55,-34.8203346,138.6136594,-113,-34.8037049,138.6306857,3.0,-99.1268219884
1566957967.61,-34.8203346,138.6136594,141,-34.8037049,138.6306857,3.0,-98.4106707369
1566957967.67,-34.8203346,138.6136594,45,-34.8037049,138.6306857,3.0,-84.4138858782
1566957967.72,-34.8203346,138.6136594,0,-34.8037049,138.6306857,3.0,-84.4138858782
1566957967.77,-34.8203346,138.6136594,-220,-34.8037049,138.6306857,3.0,-93.6048500757
1566957967.82,-34.8203346,138.6136594,-158,-34.8037049,138.6306857,3.0,-85.1360101133
1566957967.87,-34.8203346,138.6136594,64,-34.8037049,138.6306857,3.0,-85.7441079449
1566957967.91,-34.8203346,138.6136594,-56,-34.8037049,138.6306857,3.0,-114.281081073
1566957967.97,-34.8203346,138.6136594,-220,-34.8037049,138.6306857,3.0,-93.6048500757
1566957968.03,-34.8203346,138.6136594,90,-34.8037049,138.6306857,3.0,-87.4385027838
1566957968.07,-34.8203346,138.6136594,-271,-34.8037049,138.6306857,3.0,-86.2117600055
1566957968.13,-34.8203346,138.6136594,-50,-34.8037049,138.6306857,3.0,-88.2398556257
1566957968.18,-34.8203346,138.6136594,-237,-34.8037049,138.6306857,3.0,-83.8369806858
1566957968.23,-34.8203346,138.6136594,11,-34.8037049,138.6306857,3.0,-84.3198723001
1566957968.27,-34.8203346,138.6136594,-152,-34.8037049,138.6306857,3.0,-83.9249227509
1566957968.33,-34.8203346,138.6136594,62,-34.8037049,138.6306857,3.0,-87.5891157295
1566957968.37,-34.8203346,138.6136594,45,-34.8037049,138.6306857,3.0,-84.4138858782
1566957968.43,-34.8203346,138.6136594,-45,-34.8037049,138.6306857,3.0,-84.4138858782
1566957968.48,-34.8203346,138.6136594,19,-34.8037049,138.6306857,3.0,-85.3374407357
1566957968.54,-34.8203346,138.6136594,-293,-34.8037049,138.6306857,3.0,-83.8448108614
1566957968.59,-34.8203346,138.6136594,11,-34.8037049,138.6306857,3.0,-84.3198723001
1566957968.65,-34.8203346,138.6136594,-50,-34.8037049,138.6306857,3.0,-88.2398556257
1566957968.71,-34.8203346,138.6136594,19,-34.8037049,138.6306857,3.0,-85.3374407357
1566957968.77,-34.8203346,138.6136594,-248,-34.8037049,138.6306857,3.0,-93.9944715765
1566957968.81,-34.8203346,138.6136594,-282,-34.8037049,138.6306857,3.0,-92.5442422133
1566957968.87,-34.8203346,138.6136594,-310,-34.8037049,138.6306857,3.0,-92.2205125879
1566957968.92,-34.8203346,138.6136594,64,-34.8037049,138.6306857,3.0,-85.7441079449
1566957968.97,-34.8203346,138.6136594,-118,-34.8037049,138.6306857,3.0,-87.2923846021
1566957969.02,-34.8203346,138.6136594,39,-34.8037049,138.6306857,3.0,-84.2761647448
1566957969.08,-34.8203346,138.6136594,70,-34.8037049,138.6306857,3.0,-83.8421359961
1566957969.11,-34.8203346,138.6136594,-113,-34.8037049,138.6306857,3.0,-99.1268219884
1566957969.17,-34.8203346,138.6136594,39,-34.8037049,138.6306857,3.0,-84.2761647448
1566957969.22,-34.8203346,138.6136594,-90,-34.8037049,138.6306857,3.0,-87.4385027838
1566957969.28,-34.8203346,138.6136594,180,-34.8037049,138.6306857,3.0,-83.9071539083
1566957969.33,-34.8203346,138.6136594,45,-34.8037049,138.6306857,3.0,-84.4138858782
1566957969.39,-34.8203346,138.6136594,211,-34.8037049,138.6306857,3.0,-84.0585763328
1566957969.44,-34.8203346,138.6136594,-79,-34.8037049,138.6306857,3.0,-89.9320969134
1566957969.5,-34.8203346,138.6136594,-67,-34.8037049,138.6306857,3.0,-84.2346269658
1566957969.55,-34.8203346,138.6136594,206,-34.8037049,138.6306857,3.0,-84.3427216528
1566957969.61,-34.8203346,138.6136594,115,-34.8037049,138.6306857,3.0,-92.0625973269
1566957969.66,-34.8203346,138.6136594,36,-34.8037049,138.6306857,3.0,-85.8425688291
1566957969.72,-34.8203346,138.6136594,186,-34.8037049,138.6306857,3.0,-85.2144282674
1566957969.76,-34.8203346,138.6136594,186,-34.8037049,138.6306857,3.0,-85.2144282674
1566957969.79,-34.8203346,138.6136594,-33,-34.8037049,138.6306857,3.0,-89.0772048621
1566957969.83,-34.8203346,138.6136594,-214,-34.8037049,138.6306857,3.0,-85.2955395334
1566957969.9,-34.8203346,138.6136594,-141,-34.8037049,138.6306857,3.0,-98.4106707369
1566957969.96,-34.8203346,138.6136594,-33,-34.8037049,138.6306857,3.0,-89.0772048621
1566957970.01,-34.8203346,138.6136594,5,-34.8037049,138.6306857,3.0,-89.2802754371
1566957970.07,-34.8203346,138.6136594,101,-34.8037049,138.6306857,3.0,-84.5168596784
1566957970.12,-34.8203346,138.6136594,-45,-34.8037049,138.6306857,3.0,-84.4138858782
1566957970.18,-34.8203346,138.6136594,45,-34.8037049,138.6306857,3.0,-84.4138858782
1566957970.24,-34.8203346,138.6136594,-101,-34.8037049,138.6306857,3.0,-84.5168596784
1566957970.28,-34.8203346,138.6136594,-96,-34.8037049,138.6306857,3.0,-83.9664731133
1566957970.34,-34.8203346,138.6136594,-186,-34.8037049,138.6306857,3.0,-85.2144282674
1566957970.39,-34.8203346,138.6136594,-152,-34.8037049,138.6306857,3.0,-83.9249227509
1566957970.45,-34.8203346,138.6136594,350,-34.8037049,138.6306857,3.0,-83.9900846149
1566957970.5,-34.8203346,138.6136594,186,-34.8037049,138.6306857,3.0,-85.2144282674
1566957970.56,-34.8203346,138.6136594,161,-34.8037049,138.6306857,3.0,-87.6655646849
1566957970.61,-34.8203346,138.6136594,56,-34.8037049,138.6306857,3.0,-114.281081073
1566957970.68,-34.8203346,138.6136594,200,-34.8037049,138.6306857,3.0,-89.3851671185
1566957970.73,-34.8203346,138.6136594,169,-34.8037049,138.6306857,3.0,-97.750911857
1566957970.79,-34.8203346,138.6136594,124,-34.8037049,138.6306857,3.0,-83.9446927754
1566957970.82,-34.8203346,138.6136594,-16,-34.8037049,138.6306857,3.0,-84.0739148339
1566957970.88,-34.8203346,138.6136594,296,-34.8037049,138.6306857,3.0,-84.4900641518
1566957970.94,-34.8203346,138.6136594,59,-34.8037049,138.6306857,3.0,-92.7102110409
1566957970.99,-34.8203346,138.6136594,115,-34.8037049,138.6306857,3.0,-92.0625973269
1566957971.02,-34.8203346,138.6136594,11,-34.8037049,138.6306857,3.0,-84.3198723001
1566957971.07,-34.8203346,138.6136594,90,-34.8037049,138.6306857,3.0,-87.4385027838
1566957971.11,-34.8203346,138.6136594,200,-34.8037049,138.6306857,3.0,-89.3851671185
1566957971.16,-34.8203346,138.6136594,186,-34.8037049,138.6306857,3.0,-85.2144282674
1566957971.21,-34.8203346,138.6136594,251,-34.8037049,138.6306857,3.0,-116.801397366
1566957971.27,-34.8203346,138.6136594,64,-34.8037049,138.6306857,3.0,-85.7441079449
1566957971.33,-34.8203346,138.6136594,115,-34.8037049,138.6306857,3.0,-92.0625973269
1566957971.37,-34.8203346,138.6136594,265,-34.8037049,138.6306857,3.0,-83.8399145798
1566957971.42,-34.8203346,138.6136594,22,-34.8037049,138.6306857,3.0,-88.0695644967
1566957971.49,-34.8203346,138.6136594,115,-34.8037049,138.6306857,3.0,-92.0625973269
1566957971.54,-34.8203346,138.6136594,33,-34.8037049,138.6306857,3.0,-89.0772048621
1566957971.6,-34.8203346,138.6136594,276,-34.8037049,138.6306857,3.0,-94.4044494411
1566957971.66,-34.8203346,138.6136594,271,-34.8037049,138.6306857,3.0,-86.2117600055
1566957971.72,-34.8203346,138.6136594,-141,-34.8037049,138.6306857,3.0,-98.4106707369
1566957971.77,-34.8203346,138.6136594,50,-34.8037049,138.6306857,3.0,-88.2398556257
1566957971.83,-34.8203346,138.6136594,-265,-34.8037049,138.6306857,3.0,-83.8399145798
1566957971.88,-34.8203346,138.6136594,-101,-34.8037049,138.6306857,3.0,-84.5168596784
1566957971.94,-34.8203346,138.6136594,11,-34.8037049,138.6306857,3.0,-84.3198723001
1566957971.99,-34.8203346,138.6136594,-271,-34.8037049,138.6306857,3.0,-86.2117600055
1566957972.04,-34.8203346,138.6136594,-243,-34.8037049,138.6306857,3.0,-86.102087501
1566957972.09,-34.8203346,138.6136594,-146,-34.8037049,138.6306857,3.0,-87.1506124366
1566957972.14,-34.8203346,138.6136594,-180,-34.8037049,138.6306857,3.0,-83.9071539083
1566957972.19,-34.8203346,138.6136594,-248,-34.8037049,138.6306857,3.0,-93.9944715765
1566957972.24,-34.8203346,138.6136594,-101,-34.8037049,138.6306857,3.0,-84.5168596784
1566957972.27,-34.8203346,138.6136594,-316,-34.8037049,138.6306857,3.0,-84.9876113268
