1566958084.48,-34.8202893,138.6130332,-22,-34.8037049,138.6306857,3.0,-87.824302084
1566958084.51,-34.8202914,138.6130614,-123,-34.8037049,138.6306857,3.0,-84.8654070722
1566958084.58,-34.8202937,138.6130911,-123,-34.8037049,138.6306857,3.0,-84.8227822388
1566958084.61,-34.8202957,138.6131192,-756,-34.8037049,138.6306857,3.0,-88.9404384122
1566958084.67,-34.8202984,138.6131528,-1339,-34.8037049,138.6306857,3.0,-83.9487646145
1566958084.72,-34.8203011,138.6131879,-1575,-34.8037049,138.6306857,3.0,-98.1505790629
1566958084.78,-34.8203041,138.6132283,-908,-34.8037049,138.6306857,3.0,-86.2486131706
1566958084.83,-34.8203074,138.6132668,-218,-34.8037049,138.6306857,3.0,-87.0814078146
1566958084.89,-34.8203108,138.6133106,902,-34.8037049,138.6306857,3.0,-92.5166127485
1566958084.94,-34.8203142,138.6133527,1785,-34.8037049,138.6306857,3.0,-84.5626137235
1566958085.0,-34.8203179,138.6133999,3523,-34.8037049,138.6306857,3.0,-85.723904162
1566958085.04,-34.8203214,138.6134447,4512,-34.8037049,138.6306857,3.0,-91.0890115228
1566958085.1,-34.8203252,138.6134942,5815,-34.8037049,138.6306857,3.0,-94.3008223901
1566958085.15,-34.8203288,138.613541,7122,-34.8037049,138.6306857,3.0,-93.2684934531
1566958085.21,-34.8203328,138.6135919,8848,-34.8037049,138.6306857,3.0,-113.658013206
1566958085.25,-34.8203367,138.6136396,10182,-34.8037049,138.6306857,3.0,-89.3040922034
1566958085.31,-34.8203407,138.6136913,11920,-34.8037049,138.6306857,3.0,-113.82418426
1566958085.35,-34.8203446,138.6137388,13170,-34.8037049,138.6306857,3.0,-84.7955388639
1566958085.41,-34.8203486,138.6137905,14692,-34.8037049,138.6306857,3.0,-84.727219983
1566958085.45,-34.8203525,138.6138387,15830,-34.8037049,138.6306857,3.0,-89.3102358681
1566958085.52,-34.8203565,138.6138908,17638,-34.8037049,138.6306857,3.0,-112.23316834
1566958085.56,-34.8203604,138.6139389,19266,-34.8037049,138.6306857,3.0,-84.0017607704
1566958085.61,-34.8203644,138.6139909,20839,-34.8037049,138.6306857,3.0,-100.309503455
1566958085.65,-34.8203683,138.614039,22050,-34.8037049,138.6306857,3.0,-84.4459989903
1566958085.71,-34.8203723,138.6140912,24177,-34.8037049,138.6306857,3.0,-83.8344801645
1566958085.75,-34.8203762,138.6141393,25298,-34.8037049,138.6306857,3.0,-96.5812644245
1566958085.8,-34.8203802,138.6141913,26882,-34.8037049,138.6306857,3.0,-83.9885334634
1566958085.85,-34.8203841,138.6142391,28443,-34.8037049,138.6306857,3.0,-86.2370541985
1566958085.91,-34.8203881,138.6142908,30004,-34.8037049,138.6306857,3.0,-89.3285882128
1566958085.96,-34.820392,138.6143386,31456,-34.8037049,138.6306857,3.0,-91.4539930991
1566958086.02,-34.820396,138.6143899,33034,-34.8037049,138.6306857,3.0,-92.9295284119
1566958086.07,-34.8203999,138.6144372,34556,-34.8037049,138.6306857,3.0,-84.1824387955
1566958086.13,-34.8204039,138.6144884,36367,-34.8037049,138.6306857,3.0,-93.387825813
1566958086.18,-34.8204078,138.6145353,37415,-34.8037049,138.6306857,3.0,-85.9044719974
1566958086.23,-34.8204118,138.6145861,39492,-34.8037049,138.6306857,3.0,-88.7922848963
1566958086.28,-34.8204157,138.6146327,40409,-34.8037049,138.6306857,3.0,-89.1086008281
1566958086.34,-34.8204196,138.6146829,42351,-34.8037049,138.6306857,3.0,-100.026239663
1566958086.38,-34.8204231,138.6147291,43666,-34.8037049,138.6306857,3.0,-86.1039762068
1566958086.43,-34.8204268,138.6147786,45280,-34.8037049,138.6306857,3.0,-85.5225941859
1566958086.48,-34.8204303,138.6148244,46183,-34.8037049,138.6306857,3.0,-83.627965307
1566958086.54,-34.8204341,138.6148738,48114,-34.8037049,138.6306857,3.0,-84.5003322013
1566958086.58,-34.8204375,138.6149192,49249,-34.8037049,138.6306857,3.0,-91.6869649114
1566958086.64,-34.8204413,138.6149681,50877,-34.8037049,138.6306857,3.0,-87.3324250154
1566958086.69,-34.8204448,138.6150131,52069,-34.8037049,138.6306857,3.0,-83.6703643735
1566958086.75,-34.8204485,138.6150616,53983,-34.8037049,138.6306857,3.0,-87.2403160607
1566958086.79,-34.8204519,138.6151064,55026,-34.8037049,138.6306857,3.0,-84.9326758245
1566958086.84,-34.8204558,138.6151545,56719,-34.8037049,138.6306857,3.0,-84.1599458404
1566958086.89,-34.8204592,138.6151988,57700,-34.8037049,138.6306857,3.0,-84.8908950122
1566958086.96,-34.8204629,138.6152467,59622,-34.8037049,138.6306857,3.0,-93.7969959912
1566958087.0,-34.8204664,138.6152907,60547,-34.8037049,138.6306857,3.0,-83.6472924039
1566958087.06,-34.8204701,138.6153381,61991,-34.8037049,138.6306857,3.0,-85.0286228517
1566958087.11,-34.8204737,138.6153816,63112,-34.8037049,138.6306857,3.0,-97.2916463376
1566958087.17,-34.8204772,138.6154287,64754,-34.8037049,138.6306857,3.0,-83.5139024103
1566958087.21,-34.8204805,138.6154719,66061,-34.8037049,138.6306857,3.0,-84.4270954348
1566958087.25,-34.8204841,138.6155187,67717,-34.8037049,138.6306857,3.0,-83.4979865441
1566958087.31,-34.8204874,138.6155616,68449,-34.8037049,138.6306857,3.0,-99.032630406
1566958087.37,-34.8204908,138.6156078,70153,-34.8037049,138.6306857,3.0,-89.244090485
1566958087.42,-34.8204938,138.6156503,71465,-34.8037049,138.6306857,3.0,-83.6029457044
1566958087.46,-34.8204974,138.6156959,72810,-34.8037049,138.6306857,3.0,-83.9867548425
1566958087.51,-34.8205005,138.6157378,73867,-34.8037049,138.6306857,3.0,-84.6161449924
1566958087.57,-34.8205039,138.6157831,75361,-34.8037049,138.6306857,3.0,-97.4569475378
1566958087.62,-34.8205071,138.6158249,76574,-34.8037049,138.6306857,3.0,-91.6124473719
1566958087.67,-34.8205105,138.6158699,78124,-34.8037049,138.6306857,3.0,-86.2304427658
1566958087.72,-34.8205137,138.6159114,79156,-34.8037049,138.6306857,3.0,-110.416627707
1566958087.77,-34.820517,138.6159561,80383,-34.8037049,138.6306857,3.0,-93.7866134533
1566958087.82,-34.8205203,138.6159974,81333,-34.8037049,138.6306857,3.0,-88.2759409294
1566958087.88,-34.8205236,138.6160418,82769,-34.8037049,138.6306857,3.0,-94.4320952753
1566958087.91,-34.8205269,138.6160826,83960,-34.8037049,138.6306857,3.0,-83.625707989
1566958087.96,-34.8205303,138.6161267,85633,-34.8037049,138.6306857,3.0,-83.5632041446
1566958088.01,-34.8205333,138.6161675,86339,-34.8037049,138.6306857,3.0,-94.3398164705
1566958088.07,-34.8205369,138.6162115,88102,-34.8037049,138.6306857,3.0,-83.4732754314
1566958088.12,-34.82054,138.6162518,88915,-34.8037049,138.6306857,3.0,-94.9087035737
1566958088.18,-34.8205434,138.6162957,90437,-34.8037049,138.6306857,3.0,-83.4139635714
1566958088.22,-34.8205466,138.616336,91488,-34.8037049,138.6306857,3.0,-91.4905340725
1566958088.27,-34.82055,138.61638,92926,-34.8037049,138.6306857,3.0,-86.1755477544
1566958088.32,-34.8205528,138.6164202,93899,-34.8037049,138.6306857,3.0,-83.4858101474
1566958088.39,-34.8205558,138.6164641,95283,-34.8037049,138.6306857,3.0,-84.5550607135
1566958088.44,-34.8205587,138.6165045,96197,-34.8037049,138.6306857,3.0,-102.235492032
1566958088.5,-34.8205618,138.6165481,97862,-34.8037049,138.6306857,3.0,-84.1400689733
1566958088.54,-34.8205647,138.6165886,98801,-34.8037049,138.6306857,3.0,-83.5188960988
1566958088.59,-34.8205677,138.6166323,100278,-34.8037049,138.6306857,3.0,-96.7979668687
1566958088.64,-34.8205708,138.6166726,101102,-34.8037049,138.6306857,3.0,-83.4051595051
1566958088.7,-34.8205742,138.6167166,102969,-34.8037049,138.6306857,3.0,-87.2382938178
1566958088.76,-34.8205771,138.6167564,103622,-34.8037049,138.6306857,3.0,-85.6709604536
1566958088.82,-34.8205801,138.6167989,105371,-34.8037049,138.6306857,3.0,-83.37277801
1566958088.86,-34.8205831,138.6168373,105999,-34.8037049,138.6306857,3.0,-83.7683306858
1566958088.92,-34.8205861,138.6168782,107148,-34.8037049,138.6306857,3.0,-93.7473226528
1566958088.97,-34.820589,138.616915,107860,-34.8037049,138.6306857,3.0,-90.9815641692
1566958089.03,-34.8205917,138.6169538,108457,-34.8037049,138.6306857,3.0,-87.5775804068
1566958089.06,-34.8205942,138.6169888,108519,-34.8037049,138.6306857,3.0,-83.4273150027
1566958089.12,-34.8205971,138.6170261,108698,-34.8037049,138.6306857,3.0,-84.9411059512
1566958089.17,-34.8205996,138.6170597,108855,-34.8037049,138.6306857,3.0,-97.50365532
1566958089.24,-34.8206023,138.6170956,108900,-34.8037049,138.6306857,3.0,-84.8960989261
1566958089.26,-34.8206049,138.6171282,108861,-34.8037049,138.6306857,3.0,-87.5449037436
1566958089.32,-34.8206075,138.617163,108925,-34.8037049,138.6306857,3.0,-97.0877695947
1566958089.38,-34.82061,138.6171947,108838,-34.8037049,138.6306857,3.0,-86.4755353032
1566958089.44,-34.8206128,138.6172287,108275,-34.8037049,138.6306857,3.0,-87.8120477409
1566958089.49,-34.8206149,138.6172598,108328,-34.8037049,138.6306857,3.0,-86.8645206564
1566958089.54,-34.8206173,138.617293,107616,-34.8037049,138.6306857,3.0,-95.6816078226
1566958089.59,-34.8206196,138.6173236,107577,-34.8037049,138.6306857,3.0,-89.5445883872
1566958089.66,-34.820622,138.6173564,106969,-34.8037049,138.6306857,3.0,-95.4777353168
1566958089.7,-34.8206242,138.6173863,106963,-34.8037049,138.6306857,3.0,-99.6026303244
1566958089.76,-34.8206266,138.6174184,106346,-34.8037049,138.6306857,3.0,-84.4673578913
1566958089.81,-34.8206288,138.6174476,106192,-34.8037049,138.6306857,3.0,-106.087856796
1566958089.86,-34.8206312,138.617479,105685,-34.8037049,138.6306857,3.0,-86.1925554821
1566958089.9,-34.8206334,138.6175079,105236,-34.8037049,138.6306857,3.0,-83.3060213791
1566958089.96,-34.8206358,138.6175388,105077,-34.8037049,138.6306857,3.0,-86.166556902
1566958090.01,-34.8206379,138.6175673,104847,-34.8037049,138.6306857,3.0,-112.898056283
1566958090.07,-34.8206403,138.6175979,104160,-34.8037049,138.6306857,3.0,-83.9059069912
1566958090.12,-34.8206426,138.6176261,103723,-34.8037049,138.6306857,3.0,-86.0832142881
1566958090.17,-34.820645,138.6176562,103258,-34.8037049,138.6306857,3.0,-93.7149485644
1566958090.22,-34.8206471,138.6176839,102941,-34.8037049,138.6306857,3.0,-84.0141730396
1566958090.27,-34.8206493,138.6177137,102781,-34.8037049,138.6306857,3.0,-84.0640519483
1566958090.32,-34.8206512,138.617741,102630,-34.8037049,138.6306857,3.0,-88.7090909863
1566958090.38,-34.8206532,138.6177703,101963,-34.8037049,138.6306857,3.0,-103.575931833
1566958090.44,-34.8206552,138.6177974,101640,-34.8037049,138.6306857,3.0,-83.2786288072
1566958090.49,-34.8206572,138.6178263,101436,-34.8037049,138.6306857,3.0,-83.8501544593
1566958090.54,-34.8206591,138.6178529,101256,-34.8037049,138.6306857,3.0,-83.3032064105
1566958090.6,-34.8206611,138.6178816,100494,-34.8037049,138.6306857,3.0,-95.0617151753
1566958090.65,-34.8206631,138.6179077,100620,-34.8037049,138.6306857,3.0,-85.6339427574
1566958090.68,-34.8206651,138.617936,100090,-34.8037049,138.6306857,3.0,-95.6693731788
1566958090.74,-34.820667,138.6179618,99771,-34.8037049,138.6306857,3.0,-83.1567475596
1566958090.79,-34.820669,138.6179898,99300,-34.8037049,138.6306857,3.0,-100.124649256
1566958090.85,-34.820671,138.6180154,99118,-34.8037049,138.6306857,3.0,-85.5837868362
1566958090.9,-34.820673,138.618043,98734,-34.8037049,138.6306857,3.0,-84.1831022193
1566958090.95,-34.8206749,138.6180684,98630,-34.8037049,138.6306857,3.0,-83.691278299
1566958091.0,-34.8206769,138.6180958,98190,-34.8037049,138.6306857,3.0,-96.7823276178
1566958091.06,-34.8206789,138.6181212,98221,-34.8037049,138.6306857,3.0,-98.5914102966
1566958091.11,-34.8206809,138.6181492,98016,-34.8037049,138.6306857,3.0,-111.377380023
1566958091.17,-34.8206828,138.6181748,97742,-34.8037049,138.6306857,3.0,-107.137824096
1566958091.23,-34.8206848,138.6182029,97657,-34.8037049,138.6306857,3.0,-84.1560501165
1566958091.26,-34.8206868,138.6182285,97568,-34.8037049,138.6306857,3.0,-95.9575923543
1566958091.33,-34.8206888,138.618257,97271,-34.8037049,138.6306857,3.0,-86.1717733371
1566958091.38,-34.8206907,138.618283,97349,-34.8037049,138.6306857,3.0,-91.4423816931
1566958091.43,-34.8206927,138.6183115,97299,-34.8037049,138.6306857,3.0,-89.8999580602
1566958091.48,-34.8206947,138.6183376,96931,-34.8037049,138.6306857,3.0,-83.1527539956
1566958091.53,-34.8206967,138.6183659,96996,-34.8037049,138.6306857,3.0,-104.654120549
1566958091.59,-34.8206986,138.6183921,96817,-34.8037049,138.6306857,3.0,-85.3805151642
1566958091.62,-34.8207006,138.6184204,96601,-34.8037049,138.6306857,3.0,-89.3790293211
1566958091.68,-34.8207026,138.6184465,96716,-34.8037049,138.6306857,3.0,-83.0339251054
1566958091.74,-34.8207046,138.6184745,96542,-34.8037049,138.6306857,3.0,-83.0401534884
1566958091.79,-34.8207061,138.6185003,96727,-34.8037049,138.6306857,3.0,-84.2961440122
1566958091.84,-34.8207078,138.6185281,96573,-34.8037049,138.6306857,3.0,-83.0579309186
1566958091.9,-34.8207095,138.618554,96800,-34.8037049,138.6306857,3.0,-84.4805108549
1566958091.94,-34.8207112,138.6185818,96483,-34.8037049,138.6306857,3.0,-85.4262058638
1566958092.0,-34.8207127,138.6186076,96707,-34.8037049,138.6306857,3.0,-83.2752112677
1566958092.05,-34.8207145,138.6186356,96491,-34.8037049,138.6306857,3.0,-87.9289213854
1566958092.08,-34.8207161,138.6186614,96567,-34.8037049,138.6306857,3.0,-83.6101594526
1566958092.14,-34.8207178,138.6186893,96547,-34.8037049,138.6306857,3.0,-86.8028428372
1566958092.19,-34.8207194,138.6187152,96419,-34.8037049,138.6306857,3.0,-82.9643147121
1566958092.24,-34.8207211,138.6187431,96735,-34.8037049,138.6306857,3.0,-113.430584357
1566958092.28,-34.8207227,138.6187688,96612,-34.8037049,138.6306857,3.0,-92.620220007
1566958092.33,-34.8207243,138.6187967,96477,-34.8037049,138.6306857,3.0,-82.9564331064
1566958092.4,-34.820726,138.6188221,96587,-34.8037049,138.6306857,3.0,-83.3782983905
1566958092.45,-34.8207277,138.6188501,96671,-34.8037049,138.6306857,3.0,-92.0383624928
1566958092.51,-34.8207292,138.6188759,96626,-34.8037049,138.6306857,3.0,-93.0260848698
1566958092.55,-34.8207309,138.6189038,96867,-34.8037049,138.6306857,3.0,-83.1647118226
1566958092.61,-34.8207326,138.6189296,96752,-34.8037049,138.6306857,3.0,-83.5110880412
1566958092.67,-34.8207343,138.6189575,96618,-34.8037049,138.6306857,3.0,-87.2887545503
1566958092.73,-34.8207358,138.6189834,96761,-34.8037049,138.6306857,3.0,-84.9671487311
1566958092.77,-34.8207376,138.6190112,97074,-34.8037049,138.6306857,3.0,-93.3782578588
1566958092.83,-34.8207391,138.619037,96920,-34.8037049,138.6306857,3.0,-85.9085286644
1566958092.89,-34.8207408,138.619065,96979,-34.8037049,138.6306857,3.0,-101.245676104
1566958092.93,-34.8207424,138.6190906,97086,-34.8037049,138.6306857,3.0,-95.9494767417
1566958092.99,-34.8207441,138.6191186,97080,-34.8037049,138.6306857,3.0,-86.3025357636
1566958093.05,-34.8207456,138.6191445,97220,-34.8037049,138.6306857,3.0,-89.3030226855
1566958093.1,-34.8207474,138.6191724,97201,-34.8037049,138.6306857,3.0,-84.6724943807
1566958093.15,-34.820749,138.6191982,97517,-34.8037049,138.6306857,3.0,-85.1390266119
1566958093.19,-34.8207507,138.6192261,97419,-34.8037049,138.6306857,3.0,-85.1070506958
1566958093.23,-34.8207522,138.619252,97694,-34.8037049,138.6306857,3.0,-82.9161389696
1566958093.28,-34.820754,138.6192802,97470,-34.8037049,138.6306857,3.0,-82.8954414293
1566958093.34,-34.8207556,138.6193064,97554,-34.8037049,138.6306857,3.0,-83.7905524942
1566958093.4,-34.8207572,138.6193348,97573,-34.8037049,138.6306857,3.0,-83.5365633705
1566958093.44,-34.8207589,138.6193614,97915,-34.8037049,138.6306857,3.0,-94.0608771864
1566958093.49,-34.8207606,138.6193903,98047,-34.8037049,138.6306857,3.0,-87.2422780147
1566958093.55,-34.8207622,138.6194167,98100,-34.8037049,138.6306857,3.0,-89.7610382221
1566958093.61,-34.8207638,138.6194456,98235,-34.8037049,138.6306857,3.0,-83.1728090349
1566958093.67,-34.8207655,138.6194721,98170,-34.8037049,138.6306857,3.0,-86.5701642866
1566958093.71,-34.8207668,138.6195007,98325,-34.8037049,138.6306857,3.0,-99.4722605762
1566958093.76,-34.8207681,138.6195271,98577,-34.8037049,138.6306857,3.0,-98.3803995034
1566958093.82,-34.8207696,138.6195555,98336,-34.8037049,138.6306857,3.0,-84.0531066694
1566958093.88,-34.8207708,138.6195818,98355,-34.8037049,138.6306857,3.0,-103.002210673
1566958093.94,-34.8207722,138.6196103,98529,-34.8037049,138.6306857,3.0,-110.683675257
1566958093.98,-34.8207735,138.6196367,98580,-34.8037049,138.6306857,3.0,-93.0657297711
1566958094.05,-34.8207747,138.6196651,98767,-34.8037049,138.6306857,3.0,-82.8377122223
1566958094.08,-34.820776,138.6196913,99006,-34.8037049,138.6306857,3.0,-102.456009119
1566958094.13,-34.8207775,138.6197196,98812,-34.8037049,138.6306857,3.0,-92.7532678389
1566958094.18,-34.8207787,138.6197458,98947,-34.8037049,138.6306857,3.0,-83.1361802814
1566958094.23,-34.8207801,138.6197741,98894,-34.8037049,138.6306857,3.0,-85.7128857764
1566958094.27,-34.8207814,138.6198001,99028,-34.8037049,138.6306857,3.0,-82.8004705963
1566958094.33,-34.8207826,138.6198286,99359,-34.8037049,138.6306857,3.0,-94.6507471512
1566958094.38,-34.8207839,138.6198547,99420,-34.8037049,138.6306857,3.0,-86.8539612843
1566958094.44,-34.8207854,138.619883,99112,-34.8037049,138.6306857,3.0,-84.6810476566
1566958094.48,-34.8207866,138.6199093,99247,-34.8037049,138.6306857,3.0,-104.511710496
1566958094.55,-34.820788,138.6199378,99177,-34.8037049,138.6306857,3.0,-88.3432377177
1566958094.6,-34.8207893,138.6199642,99507,-34.8037049,138.6306857,3.0,-83.2051601335
1566958094.66,-34.8207905,138.6199926,99252,-34.8037049,138.6306857,3.0,-96.1446050089
1566958094.71,-34.8207918,138.6200191,99591,-34.8037049,138.6306857,3.0,-84.1394637381
1566958094.77,-34.8207933,138.6200475,99457,-34.8037049,138.6306857,3.0,-87.8352686082
1566958094.82,-34.8207945,138.6200738,99502,-34.8037049,138.6306857,3.0,-90.1539728806
1566958094.89,-34.8207959,138.6201021,99541,-34.8037049,138.6306857,3.0,-83.1372254921
1566958094.93,-34.8207972,138.6201283,99785,-34.8037049,138.6306857,3.0,-89.9674686704
1566958094.99,-34.8207984,138.6201566,99561,-34.8037049,138.6306857,3.0,-105.016756814
1566958095.05,-34.8207997,138.6201826,99530,-34.8037049,138.6306857,3.0,-82.8618896197
1566958095.11,-34.8208012,138.6202111,99591,-34.8037049,138.6306857,3.0,-108.651560791
1566958095.16,-34.8208024,138.6202372,99538,-34.8037049,138.6306857,3.0,-83.5576227574
1566958095.21,-34.8208038,138.6202655,99614,-34.8037049,138.6306857,3.0,-84.1672277704
1566958095.25,-34.8208051,138.6202918,99748,-34.8037049,138.6306857,3.0,-98.6030762575
1566958095.31,-34.8208063,138.62032,99664,-34.8037049,138.6306857,3.0,-82.7216999402
1566958095.34,-34.8208075,138.6203463,99883,-34.8037049,138.6306857,3.0,-85.6818882593
1566958095.41,-34.8208086,138.6203746,99989,-34.8037049,138.6306857,3.0,-82.9615724467
1566958095.45,-34.8208094,138.6204008,99905,-34.8037049,138.6306857,3.0,-103.020092424
1566958095.51,-34.8208105,138.6204291,99718,-34.8037049,138.6306857,3.0,-83.4080145269
1566958095.56,-34.8208115,138.6204553,99875,-34.8037049,138.6306857,3.0,-83.4972628347
1566958095.61,-34.8208124,138.6204836,99782,-34.8037049,138.6306857,3.0,-89.4939052375
1566958095.65,-34.8208135,138.6205099,99973,-34.8037049,138.6306857,3.0,-82.6927153181
1566958095.71,-34.8208145,138.6205382,99732,-34.8037049,138.6306857,3.0,-83.2821845499
1566958095.77,-34.8208154,138.6205642,99743,-34.8037049,138.6306857,3.0,-92.7796482399
1566958095.82,-34.8208165,138.6205927,99863,-34.8037049,138.6306857,3.0,-87.3632391613
1566958095.87,-34.8208173,138.6206188,99911,-34.8037049,138.6306857,3.0,-83.3737073217
1566958095.94,-34.8208184,138.6206472,99928,-34.8037049,138.6306857,3.0,-84.5974002687
1566958095.99,-34.8208194,138.6206733,99810,-34.8037049,138.6306857,3.0,-85.356055329
1566958096.05,-34.8208203,138.6207016,99883,-34.8037049,138.6306857,3.0,-85.5159299036
1566958096.1,-34.8208214,138.6207278,100040,-34.8037049,138.6306857,3.0,-82.6578329565
1566958096.16,-34.8208224,138.6207562,100169,-34.8037049,138.6306857,3.0,-86.7909454077
1566958096.21,-34.8208233,138.6207824,100079,-34.8037049,138.6306857,3.0,-94.299932419
1566958096.25,-34.8208244,138.6208107,100113,-34.8037049,138.6306857,3.0,-85.3123795294
1566958096.29,-34.8208252,138.6208369,100107,-34.8037049,138.6306857,3.0,-90.0617136159
1566958096.35,-34.8208263,138.6208652,100068,-34.8037049,138.6306857,3.0,-87.4260411913
1566958096.4,-34.8208273,138.6208912,100180,-34.8037049,138.6306857,3.0,-83.0153050993
1566958096.44,-34.8208282,138.6209197,99959,-34.8037049,138.6306857,3.0,-82.6611921497
1566958096.48,-34.8208293,138.6209457,100174,-34.8037049,138.6306857,3.0,-93.163158183
1566958096.54,-34.8208303,138.6209743,100169,-34.8037049,138.6306857,3.0,-90.1599950075
1566958096.59,-34.8208312,138.6210003,99945,-34.8037049,138.6306857,3.0,-83.0065485243
1566958096.65,-34.8208323,138.6210286,100017,-34.8037049,138.6306857,3.0,-84.493555609
1566958096.7,-34.8208331,138.6210549,100051,-34.8037049,138.6306857,3.0,-82.6445427287
1566958096.76,-34.8208342,138.6210831,99947,-34.8037049,138.6306857,3.0,-90.3359544018
1566958096.81,-34.8208352,138.6211094,100093,-34.8037049,138.6306857,3.0,-98.9202034322
1566958096.87,-34.8208361,138.6211377,99989,-34.8037049,138.6306857,3.0,-82.9911274897
1566958096.91,-34.8208372,138.6211639,99933,-34.8037049,138.6306857,3.0,-106.124487759
1566958096.97,-34.8208382,138.6211923,99984,-34.8037049,138.6306857,3.0,-97.3842022736
1566958097.02,-34.8208391,138.6212186,100076,-34.8037049,138.6306857,3.0,-83.6693975158
1566958097.07,-34.8208402,138.6212472,100278,-34.8037049,138.6306857,3.0,-97.8212348254
1566958097.12,-34.820841,138.6212736,100127,-34.8037049,138.6306857,3.0,-82.5807423669
1566958097.18,-34.8208421,138.621302,100214,-34.8037049,138.6306857,3.0,-125.100333734
1566958097.22,-34.8208431,138.6213285,100247,-34.8037049,138.6306857,3.0,-90.096609315
1566958097.26,-34.820844,138.621357,100060,-34.8037049,138.6306857,3.0,-84.2320765644
1566958097.3,-34.8208446,138.6213833,100045,-34.8037049,138.6306857,3.0,-82.5711013319
1566958097.37,-34.8208452,138.6214119,100093,-34.8037049,138.6306857,3.0,-82.5596651406
1566958097.41,-34.8208459,138.6214383,99959,-34.8037049,138.6306857,3.0,-85.2608140723
1566958097.47,-34.8208465,138.6214669,99973,-34.8037049,138.6306857,3.0,-84.2773067877
1566958097.51,-34.8208472,138.6214932,100205,-34.8037049,138.6306857,3.0,-85.6837344717
1566958097.57,-34.820848,138.6215217,99933,-34.8037049,138.6306857,3.0,-83.3789939958
1566958097.62,-34.8208486,138.621548,100068,-34.8037049,138.6306857,3.0,-86.8579689764
1566958097.68,-34.8208493,138.6215766,100040,-34.8037049,138.6306857,3.0,-82.7938865593
1566958097.74,-34.8208499,138.621603,100138,-34.8037049,138.6306857,3.0,-82.5677196941
1566958097.8,-34.8208506,138.6216315,100211,-34.8037049,138.6306857,3.0,-82.6131449018
1566958097.84,-34.8208512,138.621658,100113,-34.8037049,138.6306857,3.0,-88.0834316072
1566958097.9,-34.8208519,138.6216864,100326,-34.8037049,138.6306857,3.0,-117.247295531
1566958097.96,-34.8208525,138.6217129,100261,-34.8037049,138.6306857,3.0,-94.0513664812
1566958098.01,-34.8208532,138.6217414,100278,-34.8037049,138.6306857,3.0,-84.8276349755
1566958098.05,-34.8208538,138.6217678,100340,-34.8037049,138.6306857,3.0,-92.250200983
1566958098.11,-34.8208544,138.6217965,100135,-34.8037049,138.6306857,3.0,-82.5128908876
1566958098.16,-34.8208551,138.6218232,100152,-34.8037049,138.6306857,3.0,-106.668437519
1566958098.22,-34.8208559,138.6218519,100174,-34.8037049,138.6306857,3.0,-87.2630960821
1566958098.26,-34.8208565,138.6218786,100228,-34.8037049,138.6306857,3.0,-90.0451540031
1566958098.32,-34.8208572,138.6219073,100216,-34.8037049,138.6306857,3.0,-84.8362061378
1566958098.35,-34.8208578,138.6219338,100174,-34.8037049,138.6306857,3.0,-84.4997576362
1566958098.41,-34.8208585,138.6219626,99973,-34.8037049,138.6306857,3.0,-86.290538838
1566958098.46,-34.8208591,138.6219892,99981,-34.8037049,138.6306857,3.0,-91.4209100845
1566958098.51,-34.8208598,138.6220179,100348,-34.8037049,138.6306857,3.0,-87.6783402438
1566958098.55,-34.8208604,138.6220444,100127,-34.8037049,138.6306857,3.0,-83.7390698714
1566958098.62,-34.8208611,138.6220731,100057,-34.8037049,138.6306857,3.0,-83.0771300028
1566958098.67,-34.8208617,138.6220995,100211,-34.8037049,138.6306857,3.0,-88.5219736624
1566958098.71,-34.8208623,138.6221281,100160,-34.8037049,138.6306857,3.0,-82.7952811306
1566958098.75,-34.820863,138.6221544,100191,-34.8037049,138.6306857,3.0,-82.9082271877
1566958098.82,-34.8208638,138.622183,100107,-34.8037049,138.6306857,3.0,-93.9670674079
1566958098.86,-34.8208644,138.6222092,100320,-34.8037049,138.6306857,3.0,-82.8612271129
1566958098.92,-34.8208651,138.6222378,100076,-34.8037049,138.6306857,3.0,-87.737878952
1566958098.96,-34.8208654,138.6222642,100205,-34.8037049,138.6306857,3.0,-82.8470690375
1566958099.03,-34.8208658,138.6222928,100003,-34.8037049,138.6306857,3.0,-87.1955987048
1566958099.08,-34.820866,138.6223191,100040,-34.8037049,138.6306857,3.0,-89.0581854433
1566958099.14,-34.8208665,138.6223477,100354,-34.8037049,138.6306857,3.0,-84.5433274848
1566958099.19,-34.8208668,138.6223741,100169,-34.8037049,138.6306857,3.0,-85.3681907035
1566958099.24,-34.8208671,138.6224025,100090,-34.8037049,138.6306857,3.0,-87.9643856158
1566958099.28,-34.8208674,138.6224289,100015,-34.8037049,138.6306857,3.0,-82.7179378358
1566958099.35,-34.8208677,138.6224575,100261,-34.8037049,138.6306857,3.0,-84.7658088703
1566958099.4,-34.8208681,138.6224839,100079,-34.8037049,138.6306857,3.0,-85.8411540857
1566958099.47,-34.8208684,138.6225124,100065,-34.8037049,138.6306857,3.0,-95.9018589673
1566958099.51,-34.8208688,138.6225389,100029,-34.8037049,138.6306857,3.0,-84.744540376
1566958099.57,-34.820869,138.6225677,100214,-34.8037049,138.6306857,3.0,-100.986448878
1566958099.62,-34.8208694,138.6225943,100186,-34.8037049,138.6306857,3.0,-82.7124002736
1566958099.68,-34.8208697,138.6226231,100076,-34.8037049,138.6306857,3.0,-88.0359445201
1566958099.74,-34.8208701,138.6226496,100228,-34.8037049,138.6306857,3.0,-109.27329123
1566958099.77,-34.8208703,138.6226783,100348,-34.8037049,138.6306857,3.0,-107.881999949
1566958099.81,-34.8208707,138.6227049,100135,-34.8037049,138.6306857,3.0,-83.6159491763
1566958099.87,-34.8208711,138.6227336,99945,-34.8037049,138.6306857,3.0,-82.4640483247
1566958099.92,-34.8208714,138.6227601,99931,-34.8037049,138.6306857,3.0,-82.654258828
1566958099.98,-34.8208717,138.6227889,100244,-34.8037049,138.6306857,3.0,-85.3287295052
1566958100.03,-34.820872,138.6228156,100012,-34.8037049,138.6306857,3.0,-82.9799224632
1566958100.09,-34.8208724,138.6228443,100326,-34.8037049,138.6306857,3.0,-87.1220329674
1566958100.13,-34.8208726,138.6228708,100197,-34.8037049,138.6306857,3.0,-98.7398008196
1566958100.18,-34.8208731,138.6228995,100068,-34.8037049,138.6306857,3.0,-83.1490262001
1566958100.23,-34.8208733,138.6229262,99973,-34.8037049,138.6306857,3.0,-97.7741415412
1566958100.28,-34.8208737,138.622955,100281,-34.8037049,138.6306857,3.0,-117.333633693
1566958100.32,-34.8208739,138.6229818,100253,-34.8037049,138.6306857,3.0,-82.399531213
1566958100.39,-34.8208744,138.6230106,100060,-34.8037049,138.6306857,3.0,-92.1031461476
1566958100.44,-34.8208747,138.6230373,100320,-34.8037049,138.6306857,3.0,-91.4427892847
1566958100.49,-34.820875,138.6230661,100121,-34.8037049,138.6306857,3.0,-85.9677737156
1566958100.55,-34.8208753,138.6230926,100076,-34.8037049,138.6306857,3.0,-106.864687761
1566958100.61,-34.8208756,138.6231214,100329,-34.8037049,138.6306857,3.0,-82.7757219837
1566958100.67,-34.820876,138.6231477,100236,-34.8037049,138.6306857,3.0,-85.0195911095
1566958100.73,-34.8208763,138.6231762,100191,-34.8037049,138.6306857,3.0,-90.2449649111
1566958100.78,-34.8208766,138.6232025,99964,-34.8037049,138.6306857,3.0,-95.2895502905
1566958100.83,-34.8208769,138.6232311,100012,-34.8037049,138.6306857,3.0,-93.3587775993
1566958100.88,-34.8208773,138.6232576,100216,-34.8037049,138.6306857,3.0,-85.0579186701
1566958100.94,-34.8208775,138.6232861,100138,-34.8037049,138.6306857,3.0,-84.508174749
1566958100.99,-34.820878,138.6233126,99981,-34.8037049,138.6306857,3.0,-82.6516440775
1566958101.05,-34.8208782,138.6233413,100267,-34.8037049,138.6306857,3.0,-83.0968139369
1566958101.1,-34.8208786,138.623368,99903,-34.8037049,138.6306857,3.0,-83.4422253611
1566958101.16,-34.820879,138.6233968,100113,-34.8037049,138.6306857,3.0,-82.6646225246
1566958101.2,-34.8208792,138.6234232,99933,-34.8037049,138.6306857,3.0,-83.6746669966
1566958101.25,-34.8208792,138.623452,100180,-34.8037049,138.6306857,3.0,-85.211537533
1566958101.29,-34.8208792,138.6234786,100012,-34.8037049,138.6306857,3.0,-86.103060179
1566958101.35,-34.8208792,138.6235074,100228,-34.8037049,138.6306857,3.0,-83.8484195572
1566958101.39,-34.8208792,138.623534,100225,-34.8037049,138.6306857,3.0,-89.8868608554
1566958101.44,-34.8208792,138.6235627,100135,-34.8037049,138.6306857,3.0,-86.9444891147
1566958101.49,-34.8208792,138.6235891,100197,-34.8037049,138.6306857,3.0,-90.837878325
1566958101.55,-34.8208792,138.6236176,99886,-34.8037049,138.6306857,3.0,-82.3030553282
1566958101.59,-34.8208792,138.6236443,100180,-34.8037049,138.6306857,3.0,-88.5501834037
1566958101.65,-34.8208792,138.623673,100107,-34.8037049,138.6306857,3.0,-82.2703182153
1566958101.69,-34.8208792,138.6236995,100180,-34.8037049,138.6306857,3.0,-84.7934994396
1566958101.75,-34.8208792,138.6237284,99911,-34.8037049,138.6306857,3.0,-82.2900510895
1566958101.79,-34.8208792,138.6237548,99883,-34.8037049,138.6306857,3.0,-91.4518142218
1566958101.85,-34.8208792,138.6237835,99844,-34.8037049,138.6306857,3.0,-101.843924899
1566958101.91,-34.8208792,138.62381,100225,-34.8037049,138.6306857,3.0,-107.798283756
1566958101.97,-34.8208792,138.6238386,100037,-34.8037049,138.6306857,3.0,-83.3349536382
1566958102.02,-34.8208792,138.6238651,100197,-34.8037049,138.6306857,3.0,-87.8274805183
1566958102.08,-34.8208792,138.6238938,100214,-34.8037049,138.6306857,3.0,-83.3162696125
1566958102.12,-34.8208792,138.6239204,100026,-34.8037049,138.6306857,3.0,-89.0898609365
1566958102.17,-34.8208792,138.6239493,100045,-34.8037049,138.6306857,3.0,-84.3931301265
1566958102.21,-34.8208792,138.623976,99917,-34.8037049,138.6306857,3.0,-86.497443335
1566958102.27,-34.8208792,138.6240049,100174,-34.8037049,138.6306857,3.0,-83.0388910664
1566958102.31,-34.8208792,138.6240317,100040,-34.8037049,138.6306857,3.0,-82.3389952285
1566958102.37,-34.8208792,138.6240604,100214,-34.8037049,138.6306857,3.0,-83.8235805414
1566958102.42,-34.8208792,138.624087,99942,-34.8037049,138.6306857,3.0,-82.2066455964
1566958102.49,-34.8208792,138.6241154,99956,-34.8037049,138.6306857,3.0,-86.3571730255
1566958102.53,-34.8208792,138.6241418,100228,-34.8037049,138.6306857,3.0,-90.1890566218
1566958102.58,-34.8208792,138.6241707,100127,-34.8037049,138.6306857,3.0,-82.2658879522
1566958102.63,-34.8208792,138.6241974,100040,-34.8037049,138.6306857,3.0,-84.9872008737
1566958102.69,-34.8208792,138.6242264,100169,-34.8037049,138.6306857,3.0,-82.3053736598
1566958102.73,-34.8208792,138.6242531,100152,-34.8037049,138.6306857,3.0,-82.8737184788
1566958102.78,-34.8208792,138.624282,99947,-34.8037049,138.6306857,3.0,-88.478576513
1566958102.82,-34.8208792,138.6243088,99771,-34.8037049,138.6306857,3.0,-95.1293465892
1566958102.89,-34.8208792,138.6243378,99844,-34.8037049,138.6306857,3.0,-93.8044277421
1566958102.93,-34.8208792,138.6243644,99973,-34.8037049,138.6306857,3.0,-98.1246217763
1566958102.99,-34.8208792,138.6243935,100017,-34.8037049,138.6306857,3.0,-82.9653703969
1566958103.03,-34.8208792,138.6244203,100124,-34.8037049,138.6306857,3.0,-87.6275883469
1566958103.09,-34.8208792,138.6244492,99995,-34.8037049,138.6306857,3.0,-89.5691120805
1566958103.14,-34.8208792,138.6244758,100079,-34.8037049,138.6306857,3.0,-103.536914513
1566958103.2,-34.8208792,138.6245046,99945,-34.8037049,138.6306857,3.0,-87.8797631697
1566958103.24,-34.8208791,138.624531,99947,-34.8037049,138.6306857,3.0,-82.3847997478
1566958103.29,-34.820879,138.62456,99858,-34.8037049,138.6306857,3.0,-86.6084167098
1566958103.33,-34.8208786,138.6245866,99886,-34.8037049,138.6306857,3.0,-114.699633303
1566958103.39,-34.8208782,138.6246157,100244,-34.8037049,138.6306857,3.0,-83.3966159255
1566958103.44,-34.820878,138.6246425,100076,-34.8037049,138.6306857,3.0,-82.2476843943
1566958103.5,-34.8208775,138.6246712,100065,-34.8037049,138.6306857,3.0,-86.084488603
1566958103.54,-34.8208773,138.6246978,99947,-34.8037049,138.6306857,3.0,-88.9897541058
1566958103.6,-34.8208769,138.6247264,100093,-34.8037049,138.6306857,3.0,-86.9770487813
1566958103.65,-34.8208767,138.6247531,100065,-34.8037049,138.6306857,3.0,-82.1379020245
1566958103.71,-34.8208763,138.6247819,100003,-34.8037049,138.6306857,3.0,-82.2416255
1566958103.75,-34.820876,138.6248087,99858,-34.8037049,138.6306857,3.0,-83.0240422536
1566958103.81,-34.8208756,138.6248377,100169,-34.8037049,138.6306857,3.0,-93.0715858774
1566958103.87,-34.8208753,138.6248645,99942,-34.8037049,138.6306857,3.0,-82.1171632288
1566958103.92,-34.820875,138.6248934,100012,-34.8037049,138.6306857,3.0,-86.9200463248
1566958103.95,-34.8208747,138.62492,99911,-34.8037049,138.6306857,3.0,-84.5034071164
1566958104.01,-34.8208743,138.6249487,100015,-34.8037049,138.6306857,3.0,-82.1831907459
1566958104.05,-34.8208739,138.6249753,100124,-34.8037049,138.6306857,3.0,-85.0104407003
1566958104.11,-34.8208737,138.625004,100107,-34.8037049,138.6306857,3.0,-82.346942763
1566958104.16,-34.8208733,138.6250306,100166,-34.8037049,138.6306857,3.0,-83.3380706376
1566958104.22,-34.820873,138.6250593,99956,-34.8037049,138.6306857,3.0,-99.163986881
1566958104.27,-34.8208726,138.6250858,100003,-34.8037049,138.6306857,3.0,-82.4663093726
1566958104.31,-34.8208724,138.6251146,100146,-34.8037049,138.6306857,3.0,-82.352158499
1566958104.36,-34.820872,138.6251412,99919,-34.8037049,138.6306857,3.0,-96.8671484895
1566958104.42,-34.8208717,138.6251699,100015,-34.8037049,138.6306857,3.0,-84.2824028519
1566958104.47,-34.8208714,138.6251963,99933,-34.8037049,138.6306857,3.0,-82.1967350847
1566958104.53,-34.8208711,138.6252249,100174,-34.8037049,138.6306857,3.0,-83.6377581193
1566958104.58,-34.8208707,138.6252513,100169,-34.8037049,138.6306857,3.0,-93.923482511
1566958104.64,-34.8208703,138.6252797,100017,-34.8037049,138.6306857,3.0,-86.0992157978
1566958104.69,-34.8208701,138.6253061,100211,-34.8037049,138.6306857,3.0,-84.0668464952
1566958104.75,-34.8208696,138.6253348,99875,-34.8037049,138.6306857,3.0,-82.0653067296
1566958104.78,-34.8208694,138.6253614,100026,-34.8037049,138.6306857,3.0,-82.1178402592
1566958104.83,-34.820869,138.6253902,100121,-34.8037049,138.6306857,3.0,-84.7437175102
1566958104.87,-34.8208688,138.6254169,99830,-34.8037049,138.6306857,3.0,-87.9928524276
1566958104.92,-34.8208684,138.6254459,99858,-34.8037049,138.6306857,3.0,-82.5234273816
1566958104.96,-34.8208681,138.6254726,99956,-34.8037049,138.6306857,3.0,-83.5609108732
1566958105.02,-34.8208677,138.6255016,99931,-34.8037049,138.6306857,3.0,-84.8909200802
1566958105.07,-34.8208674,138.6255282,99875,-34.8037049,138.6306857,3.0,-83.0990620735
1566958105.14,-34.8208671,138.6255573,100026,-34.8037049,138.6306857,3.0,-87.0712723583
1566958105.19,-34.8208668,138.6255841,99813,-34.8037049,138.6306857,3.0,-86.2936056432
