1566958146.89,-34.7540209,138.5573489,100146,-34.8037049,138.6306857,3.0,-103.62522096
1566958146.94,-34.7540271,138.5573212,100060,-34.8037049,138.6306857,3.0,-101.662861254
1566958146.99,-34.7540341,138.5572913,99785,-34.8037049,138.6306857,3.0,-106.744559665
1566958147.03,-34.7540404,138.5572636,99743,-34.8037049,138.6306857,3.0,-96.3323472976
1566958147.09,-34.7540471,138.5572336,99614,-34.8037049,138.6306857,3.0,-101.825133803
1566958147.14,-34.7540536,138.5572058,99591,-34.8037049,138.6306857,3.0,-95.0672345052
1566958147.2,-34.7540604,138.5571759,99297,-34.8037049,138.6306857,3.0,-96.2472932908
1566958147.24,-34.7540667,138.5571481,99432,-34.8037049,138.6306857,3.0,-94.9596828186
1566958147.3,-34.7540746,138.5571181,99440,-34.8037049,138.6306857,3.0,-95.3433191979
1566958147.35,-34.7540823,138.5570904,99300,-34.8037049,138.6306857,3.0,-101.804862336
1566958147.41,-34.7540904,138.5570603,99073,-34.8037049,138.6306857,3.0,-95.3112533444
1566958147.45,-34.7540981,138.5570327,98964,-34.8037049,138.6306857,3.0,-101.074974687
1566958147.51,-34.7541062,138.5570027,99252,-34.8037049,138.6306857,3.0,-102.31027168
1566958147.56,-34.7541139,138.556975,99020,-34.8037049,138.6306857,3.0,-95.5270566943
1566958147.62,-34.754122,138.5569449,98958,-34.8037049,138.6306857,3.0,-95.3466851592
1566958147.67,-34.7541297,138.5569171,99233,-34.8037049,138.6306857,3.0,-100.808772876
1566958147.72,-34.7541378,138.5568872,99064,-34.8037049,138.6306857,3.0,-96.5695996404
1566958147.78,-34.7541455,138.5568602,99314,-34.8037049,138.6306857,3.0,-95.9304348086
1566958147.83,-34.7541536,138.5568319,99207,-34.8037049,138.6306857,3.0,-95.2578972239
1566958147.87,-34.7541613,138.5568056,99376,-34.8037049,138.6306857,3.0,-111.363489091
1566958147.93,-34.7541694,138.5567773,99317,-34.8037049,138.6306857,3.0,-99.5225290945
1566958147.98,-34.7541771,138.5567512,99280,-34.8037049,138.6306857,3.0,-96.5503014764
1566958148.04,-34.7541852,138.5567228,99336,-34.8037049,138.6306857,3.0,-107.124085673
1566958148.09,-34.7541929,138.5566967,99188,-34.8037049,138.6306857,3.0,-95.0526366033
1566958148.15,-34.754201,138.5566684,99538,-34.8037049,138.6306857,3.0,-98.8081345941
1566958148.2,-34.7542087,138.5566423,99359,-34.8037049,138.6306857,3.0,-101.802535393
1566958148.24,-34.7542168,138.556614,99594,-34.8037049,138.6306857,3.0,-117.976498001
1566958148.28,-34.7542245,138.5565878,99451,-34.8037049,138.6306857,3.0,-95.086893677
1566958148.34,-34.7542326,138.5565595,99541,-34.8037049,138.6306857,3.0,-100.263778557
1566958148.39,-34.7542403,138.5565344,99625,-34.8037049,138.6306857,3.0,-103.501726859
1566958148.45,-34.7542484,138.5565069,99471,-34.8037049,138.6306857,3.0,-99.9607812287
1566958148.5,-34.7542561,138.5564808,99446,-34.8037049,138.6306857,3.0,-99.3900616848
1566958148.56,-34.7542642,138.5564532,99577,-34.8037049,138.6306857,3.0,-109.226864938
1566958148.61,-34.7542719,138.5564286,99524,-34.8037049,138.6306857,3.0,-97.3771808522
1566958148.67,-34.7542813,138.5564015,99732,-34.8037049,138.6306857,3.0,-99.730991347
1566958148.71,-34.7542902,138.5563754,99376,-34.8037049,138.6306857,3.0,-95.021235408
1566958148.77,-34.7542991,138.5563486,99748,-34.8037049,138.6306857,3.0,-108.077919966
1566958148.82,-34.7543067,138.556324,99695,-34.8037049,138.6306857,3.0,-95.3722651787
1566958148.88,-34.7543149,138.5562974,99810,-34.8037049,138.6306857,3.0,-95.4406837748
1566958148.94,-34.7543231,138.5562727,99872,-34.8037049,138.6306857,3.0,-103.743603878
1566958148.99,-34.7543327,138.5562459,99748,-34.8037049,138.6306857,3.0,-95.0091131324
1566958149.04,-34.7543407,138.5562214,99933,-34.8037049,138.6306857,3.0,-99.1835610054
1566958149.11,-34.7543488,138.5561947,99807,-34.8037049,138.6306857,3.0,-100.070867934
1566958149.15,-34.7543565,138.5561702,99981,-34.8037049,138.6306857,3.0,-95.4387334138
1566958149.21,-34.7543646,138.5561435,99947,-34.8037049,138.6306857,3.0,-106.316797479
1566958149.25,-34.7543723,138.5561189,100012,-34.8037049,138.6306857,3.0,-95.2923793247
1566958149.31,-34.7543804,138.5560923,99849,-34.8037049,138.6306857,3.0,-96.0603603945
1566958149.35,-34.754388,138.5560677,99810,-34.8037049,138.6306857,3.0,-103.112108476
1566958149.41,-34.7543962,138.5560409,99799,-34.8037049,138.6306857,3.0,-102.95916258
1566958149.46,-34.7544039,138.5560162,100015,-34.8037049,138.6306857,3.0,-103.082103497
1566958149.52,-34.754412,138.5559897,99931,-34.8037049,138.6306857,3.0,-104.340111168
1566958149.57,-34.7544197,138.555965,99947,-34.8037049,138.6306857,3.0,-106.028977098
1566958149.62,-34.7544278,138.5559384,100037,-34.8037049,138.6306857,3.0,-96.0214369489
1566958149.67,-34.7544354,138.5559137,100012,-34.8037049,138.6306857,3.0,-97.6837367366
1566958149.72,-34.7544436,138.5558872,100214,-34.8037049,138.6306857,3.0,-104.122293779
1566958149.77,-34.7544512,138.5558625,99889,-34.8037049,138.6306857,3.0,-98.2438242922
1566958149.82,-34.7544594,138.5558359,100037,-34.8037049,138.6306857,3.0,-107.929389025
1566958149.87,-34.7544671,138.5558112,100051,-34.8037049,138.6306857,3.0,-107.925252753
1566958149.93,-34.7544752,138.5557844,99981,-34.8037049,138.6306857,3.0,-98.6865930622
1566958149.97,-34.7544828,138.5557599,99964,-34.8037049,138.6306857,3.0,-107.331863473
1566958150.03,-34.754491,138.5557332,99973,-34.8037049,138.6306857,3.0,-102.469681934
1566958150.08,-34.7544986,138.5557086,100146,-34.8037049,138.6306857,3.0,-95.2248067423
1566958150.14,-34.7545068,138.555682,100146,-34.8037049,138.6306857,3.0,-97.233772648
1566958150.19,-34.7545144,138.5556574,100121,-34.8037049,138.6306857,3.0,-104.976345017
1566958150.24,-34.7545226,138.5556307,100267,-34.8037049,138.6306857,3.0,-100.068792246
1566958150.28,-34.7545302,138.5556059,100376,-34.8037049,138.6306857,3.0,-103.308587914
1566958150.34,-34.7545384,138.5555794,100079,-34.8037049,138.6306857,3.0,-112.819501613
1566958150.39,-34.754546,138.5555547,100354,-34.8037049,138.6306857,3.0,-95.6601195564
1566958150.45,-34.7545542,138.5555281,100107,-34.8037049,138.6306857,3.0,-116.1021103
1566958150.5,-34.7545618,138.5555034,100480,-34.8037049,138.6306857,3.0,-95.2726116005
1566958150.55,-34.75457,138.5554767,100399,-34.8037049,138.6306857,3.0,-95.692279677
1566958150.6,-34.7545776,138.5554522,100261,-34.8037049,138.6306857,3.0,-103.693205356
1566958150.66,-34.7545858,138.5554254,100309,-34.8037049,138.6306857,3.0,-95.1879956036
1566958150.69,-34.7545934,138.5554008,100511,-34.8037049,138.6306857,3.0,-96.9378062316
1566958150.74,-34.7546016,138.5553742,100474,-34.8037049,138.6306857,3.0,-99.0024348925
1566958150.8,-34.7546092,138.5553495,100488,-34.8037049,138.6306857,3.0,-98.9373572199
1566958150.85,-34.7546174,138.5553229,100275,-34.8037049,138.6306857,3.0,-95.0797902354
1566958150.89,-34.754625,138.5552983,100533,-34.8037049,138.6306857,3.0,-108.65293074
1566958150.96,-34.7546332,138.5552716,100665,-34.8037049,138.6306857,3.0,-106.781589433
1566958151.01,-34.7546408,138.5552469,100443,-34.8037049,138.6306857,3.0,-98.150663404
1566958151.07,-34.754649,138.5552203,100584,-34.8037049,138.6306857,3.0,-128.043061709
1566958151.12,-34.7546565,138.5551956,100345,-34.8037049,138.6306857,3.0,-95.0570468322
1566958151.18,-34.7546648,138.5551688,100345,-34.8037049,138.6306857,3.0,-96.1553544528
1566958151.23,-34.7546723,138.5551443,100469,-34.8037049,138.6306857,3.0,-95.292774424
1566958151.27,-34.7546806,138.5551176,100595,-34.8037049,138.6306857,3.0,-95.0726498294
1566958151.31,-34.7546881,138.555093,100769,-34.8037049,138.6306857,3.0,-105.99814307
1566958151.37,-34.7546964,138.5550663,100769,-34.8037049,138.6306857,3.0,-109.625320091
1566958151.4,-34.7547039,138.5550418,100685,-34.8037049,138.6306857,3.0,-116.375470925
1566958151.47,-34.7547122,138.5550151,100553,-34.8037049,138.6306857,3.0,-95.0836351448
1566958151.52,-34.7547197,138.5549905,100488,-34.8037049,138.6306857,3.0,-97.8173768845
1566958151.57,-34.754728,138.5549637,100631,-34.8037049,138.6306857,3.0,-134.236656915
1566958151.61,-34.7547355,138.554939,100657,-34.8037049,138.6306857,3.0,-104.389642062
1566958151.66,-34.7547438,138.5549124,100774,-34.8037049,138.6306857,3.0,-104.299199463
1566958151.7,-34.7547513,138.5548878,100805,-34.8037049,138.6306857,3.0,-97.4126828265
1566958151.76,-34.7547596,138.5548612,100654,-34.8037049,138.6306857,3.0,-95.936144042
1566958151.8,-34.7547671,138.5548365,100665,-34.8037049,138.6306857,3.0,-95.5678073837
1566958151.84,-34.7547754,138.5548098,100463,-34.8037049,138.6306857,3.0,-95.1210055711
1566958151.88,-34.7547829,138.5547853,100864,-34.8037049,138.6306857,3.0,-97.5118987718
1566958151.93,-34.7547912,138.5547585,100833,-34.8037049,138.6306857,3.0,-100.286914265
1566958151.98,-34.7547987,138.5547339,100903,-34.8037049,138.6306857,3.0,-95.9164654524
1566958152.04,-34.754807,138.5547072,100693,-34.8037049,138.6306857,3.0,-102.183244618
1566958152.08,-34.7548145,138.5546826,100578,-34.8037049,138.6306857,3.0,-103.360135988
1566958152.13,-34.7548228,138.5546559,100595,-34.8037049,138.6306857,3.0,-104.459631721
1566958152.17,-34.7548303,138.5546312,100643,-34.8037049,138.6306857,3.0,-98.9984459402
1566958152.24,-34.7548386,138.5546047,100878,-34.8037049,138.6306857,3.0,-95.7245063675
1566958152.28,-34.7548461,138.5545799,100713,-34.8037049,138.6306857,3.0,-95.6694983017
1566958152.35,-34.7548543,138.5545534,100903,-34.8037049,138.6306857,3.0,-96.3730640053
1566958152.41,-34.7548619,138.5545287,100603,-34.8037049,138.6306857,3.0,-98.2984468494
1566958152.47,-34.7548702,138.5545019,100968,-34.8037049,138.6306857,3.0,-96.4815045476
1566958152.52,-34.7548777,138.5544774,100623,-34.8037049,138.6306857,3.0,-102.121765205
1566958152.59,-34.7548859,138.5544507,100928,-34.8037049,138.6306857,3.0,-124.436170269
1566958152.65,-34.7548935,138.5544261,100643,-34.8037049,138.6306857,3.0,-111.096524205
1566958152.7,-34.7549017,138.5543994,100819,-34.8037049,138.6306857,3.0,-95.7919072511
1566958152.76,-34.7549093,138.5543748,100791,-34.8037049,138.6306857,3.0,-99.3304245309
1566958152.83,-34.7549175,138.5543482,101021,-34.8037049,138.6306857,3.0,-96.6458992719
1566958152.87,-34.7549251,138.5543234,100973,-34.8037049,138.6306857,3.0,-96.9858886931
1566958152.94,-34.7549333,138.5542968,101001,-34.8037049,138.6306857,3.0,-100.726575986
1566958152.99,-34.7549409,138.5542721,100923,-34.8037049,138.6306857,3.0,-106.990746664
1566958153.05,-34.7549491,138.5542455,100954,-34.8037049,138.6306857,3.0,-108.336289125
1566958153.1,-34.7549567,138.5542209,100847,-34.8037049,138.6306857,3.0,-103.787457704
1566958153.16,-34.7549649,138.5541941,100749,-34.8037049,138.6306857,3.0,-98.5605935167
1566958153.2,-34.7549724,138.5541696,100959,-34.8037049,138.6306857,3.0,-96.6421977724
1566958153.25,-34.7549805,138.5541428,100825,-34.8037049,138.6306857,3.0,-99.1653693776
1566958153.3,-34.7549882,138.5541182,100623,-34.8037049,138.6306857,3.0,-105.629083539
1566958153.36,-34.7549965,138.5540916,100769,-34.8037049,138.6306857,3.0,-95.7901269611
1566958153.42,-34.755004,138.554067,100791,-34.8037049,138.6306857,3.0,-95.2198235696
1566958153.47,-34.7550121,138.5540403,100811,-34.8037049,138.6306857,3.0,-95.1163261317
1566958153.53,-34.7550198,138.5540157,100898,-34.8037049,138.6306857,3.0,-99.5628088345
1566958153.58,-34.7550279,138.553989,100640,-34.8037049,138.6306857,3.0,-95.1414508885
1566958153.63,-34.7550356,138.5539643,100802,-34.8037049,138.6306857,3.0,-115.625589107
1566958153.69,-34.7550437,138.5539377,100693,-34.8037049,138.6306857,3.0,-98.1270366514
1566958153.72,-34.7550514,138.5539131,100774,-34.8037049,138.6306857,3.0,-95.5294409135
1566958153.79,-34.7550595,138.5538863,100685,-34.8037049,138.6306857,3.0,-95.7813328459
1566958153.84,-34.7550672,138.5538617,100525,-34.8037049,138.6306857,3.0,-96.4595263486
1566958153.88,-34.7550753,138.553835,100640,-34.8037049,138.6306857,3.0,-96.0432622931
1566958153.92,-34.755083,138.5538105,100665,-34.8037049,138.6306857,3.0,-98.1229788689
1566958153.98,-34.7550911,138.5537838,100665,-34.8037049,138.6306857,3.0,-95.5271789539
1566958154.03,-34.7550987,138.5537592,100494,-34.8037049,138.6306857,3.0,-99.1429676769
1566958154.08,-34.7551069,138.5537325,100584,-34.8037049,138.6306857,3.0,-95.1340123133
1566958154.13,-34.7551145,138.5537079,100738,-34.8037049,138.6306857,3.0,-103.518346148
1566958154.2,-34.7551227,138.5536811,100623,-34.8037049,138.6306857,3.0,-95.5477159548
1566958154.25,-34.7551303,138.5536565,100539,-34.8037049,138.6306857,3.0,-95.9540196162
1566958154.29,-34.7551385,138.5536299,100511,-34.8037049,138.6306857,3.0,-99.3636434647
1566958154.34,-34.7551461,138.5536052,100679,-34.8037049,138.6306857,3.0,-97.202046834
1566958154.4,-34.7551543,138.5535785,100376,-34.8037049,138.6306857,3.0,-95.5545308818
1566958154.45,-34.7551619,138.553554,100668,-34.8037049,138.6306857,3.0,-96.7742110877
1566958154.5,-34.7551701,138.5535272,100334,-34.8037049,138.6306857,3.0,-104.927498337
1566958154.54,-34.7551777,138.5535027,100334,-34.8037049,138.6306857,3.0,-98.3063222968
1566958154.61,-34.7551859,138.5534748,100542,-34.8037049,138.6306857,3.0,-95.8214653074
1566958154.65,-34.7551935,138.5534487,100640,-34.8037049,138.6306857,3.0,-95.3653908023
1566958154.7,-34.7552017,138.5534203,100407,-34.8037049,138.6306857,3.0,-123.353980058
1566958154.74,-34.7552093,138.5533941,100387,-34.8037049,138.6306857,3.0,-96.0065970675
1566958154.81,-34.7552175,138.5533659,100494,-34.8037049,138.6306857,3.0,-95.1629421151
1566958154.85,-34.755225,138.5533413,100480,-34.8037049,138.6306857,3.0,-98.415007504
1566958154.91,-34.7552333,138.5533135,100595,-34.8037049,138.6306857,3.0,-99.7011875822
1566958154.96,-34.7552407,138.5532873,100385,-34.8037049,138.6306857,3.0,-143.581873876
1566958155.02,-34.755249,138.5532605,100533,-34.8037049,138.6306857,3.0,-97.2162419152
1566958155.06,-34.7552565,138.5532359,100359,-34.8037049,138.6306857,3.0,-95.2559291122
1566958155.1,-34.7552648,138.5532086,100511,-34.8037049,138.6306857,3.0,-98.9516597546
1566958155.14,-34.7552723,138.5531825,100432,-34.8037049,138.6306857,3.0,-102.189141708
1566958155.21,-34.7552806,138.5531552,100326,-34.8037049,138.6306857,3.0,-96.356910768
1566958155.25,-34.7552881,138.5531307,100449,-34.8037049,138.6306857,3.0,-97.4600839271
1566958155.31,-34.7552964,138.553104,100432,-34.8037049,138.6306857,3.0,-95.5637714546
1566958155.36,-34.7553039,138.5530782,100278,-34.8037049,138.6306857,3.0,-98.2559668645
1566958155.43,-34.7553122,138.5530499,100093,-34.8037049,138.6306857,3.0,-99.3011159482
1566958155.48,-34.7553197,138.5530245,100385,-34.8037049,138.6306857,3.0,-95.1780756602
1566958155.53,-34.755328,138.552998,100267,-34.8037049,138.6306857,3.0,-100.434408472
1566958155.58,-34.7553355,138.5529732,100415,-34.8037049,138.6306857,3.0,-95.1825256196
1566958155.64,-34.7553438,138.5529449,100320,-34.8037049,138.6306857,3.0,-95.6781298116
1566958155.7,-34.7553513,138.5529195,100455,-34.8037049,138.6306857,3.0,-95.3176586161
1566958155.73,-34.7553595,138.5528929,100107,-34.8037049,138.6306857,3.0,-119.107639264
1566958155.77,-34.7553671,138.5528683,100216,-34.8037049,138.6306857,3.0,-109.796278181
1566958155.83,-34.7553753,138.5528416,100225,-34.8037049,138.6306857,3.0,-103.549772153
1566958155.87,-34.7553829,138.5528168,100306,-34.8037049,138.6306857,3.0,-95.1956572234
1566958155.93,-34.7553911,138.5527902,99998,-34.8037049,138.6306857,3.0,-95.8716552732
1566958155.98,-34.7553987,138.5527655,100045,-34.8037049,138.6306857,3.0,-96.8388109794
1566958156.04,-34.7554068,138.5527377,100093,-34.8037049,138.6306857,3.0,-131.86856044
1566958156.09,-34.7554136,138.5527124,100261,-34.8037049,138.6306857,3.0,-95.204908174
1566958156.15,-34.7554205,138.5526856,100354,-34.8037049,138.6306857,3.0,-99.1821464421
1566958156.2,-34.7554267,138.5526611,100261,-34.8037049,138.6306857,3.0,-101.34268508
1566958156.25,-34.7554338,138.5526342,99973,-34.8037049,138.6306857,3.0,-99.6678979868
1566958156.28,-34.7554411,138.552608,99973,-34.8037049,138.6306857,3.0,-111.525426021
1566958156.34,-34.755448,138.55258,100029,-34.8037049,138.6306857,3.0,-95.4626932265
1566958156.39,-34.7554542,138.5525554,100113,-34.8037049,138.6306857,3.0,-106.680350716
1566958156.45,-34.7554612,138.5525286,100247,-34.8037049,138.6306857,3.0,-98.9509359681
1566958156.5,-34.7554675,138.5525026,100121,-34.8037049,138.6306857,3.0,-101.567889783
1566958156.56,-34.7554742,138.5524743,99911,-34.8037049,138.6306857,3.0,-95.898549314
1566958156.61,-34.7554806,138.5524495,99810,-34.8037049,138.6306857,3.0,-95.196433618
1566958156.67,-34.7554875,138.5524227,100045,-34.8037049,138.6306857,3.0,-95.7648040712
1566958156.72,-34.7554937,138.5523978,100169,-34.8037049,138.6306857,3.0,-96.4063136254
1566958156.77,-34.7555007,138.5523694,99883,-34.8037049,138.6306857,3.0,-97.3617911917
1566958156.83,-34.755507,138.5523441,100003,-34.8037049,138.6306857,3.0,-97.5612794689
1566958156.89,-34.7555137,138.5523174,99973,-34.8037049,138.6306857,3.0,-97.6988505607
1566958156.94,-34.7555201,138.5522926,99981,-34.8037049,138.6306857,3.0,-99.9213376572
1566958157.0,-34.755527,138.5522643,99931,-34.8037049,138.6306857,3.0,-95.2689647917
1566958157.04,-34.7555332,138.5522383,99757,-34.8037049,138.6306857,3.0,-96.8747634208
1566958157.09,-34.7555401,138.5522116,100076,-34.8037049,138.6306857,3.0,-95.84501246
1566958157.13,-34.7555464,138.552187,99765,-34.8037049,138.6306857,3.0,-95.2859971185
1566958157.19,-34.7555532,138.5521595,99723,-34.8037049,138.6306857,3.0,-104.085963124
1566958157.24,-34.7555596,138.5521334,100082,-34.8037049,138.6306857,3.0,-99.8593708955
1566958157.28,-34.7555665,138.5521058,100107,-34.8037049,138.6306857,3.0,-97.6590902024
1566958157.34,-34.7555727,138.5520812,100124,-34.8037049,138.6306857,3.0,-97.3373689959
1566958157.39,-34.7555796,138.5520541,100079,-34.8037049,138.6306857,3.0,-96.7893535147
1566958157.44,-34.7555859,138.552028,99723,-34.8037049,138.6306857,3.0,-107.400494249
1566958157.5,-34.7555927,138.5519996,99813,-34.8037049,138.6306857,3.0,-98.9540093381
1566958157.55,-34.7555991,138.5519736,99830,-34.8037049,138.6306857,3.0,-99.1162766874
1566958157.59,-34.7556059,138.5519469,99841,-34.8037049,138.6306857,3.0,-97.5723176209
1566958157.63,-34.7556122,138.551921,100029,-34.8037049,138.6306857,3.0,-95.8316392352
1566958157.67,-34.755619,138.5518928,99720,-34.8037049,138.6306857,3.0,-99.1301274884
1566958157.71,-34.7556254,138.5518667,99973,-34.8037049,138.6306857,3.0,-95.2294153436
