1566958105.24,-34.8708454,138.6496847,99973,-34.8037049,138.6306857,3.0,-96.2327940699
1566958105.28,-34.8708391,138.6496569,100166,-34.8037049,138.6306857,3.0,-104.665846634
1566958105.33,-34.8708321,138.6496268,99690,-34.8037049,138.6306857,3.0,-105.083482107
1566958105.39,-34.8708259,138.6495991,99776,-34.8037049,138.6306857,3.0,-107.408440409
1566958105.45,-34.8708191,138.6495691,99858,-34.8037049,138.6306857,3.0,-98.6667678292
1566958105.5,-34.8708127,138.649541,99395,-34.8037049,138.6306857,3.0,-101.198761454
1566958105.56,-34.8708059,138.6495105,99286,-34.8037049,138.6306857,3.0,-103.462825197
1566958105.61,-34.8707996,138.6494823,99406,-34.8037049,138.6306857,3.0,-94.8734024378
1566958105.67,-34.8707926,138.649452,99306,-34.8037049,138.6306857,3.0,-96.1454281831
1566958105.72,-34.8707864,138.6494238,99034,-34.8037049,138.6306857,3.0,-99.4216135005
1566958105.77,-34.8707796,138.6493935,99182,-34.8037049,138.6306857,3.0,-95.66816232
1566958105.82,-34.8707732,138.6493654,99011,-34.8037049,138.6306857,3.0,-109.470748283
1566958105.87,-34.8707664,138.6493355,99053,-34.8037049,138.6306857,3.0,-94.4830732957
1566958105.91,-34.8707601,138.6493079,99123,-34.8037049,138.6306857,3.0,-94.2493355069
1566958105.96,-34.8707532,138.6492781,99140,-34.8037049,138.6306857,3.0,-122.12606852
1566958106.0,-34.8707469,138.6492506,98992,-34.8037049,138.6306857,3.0,-93.8455127536
1566958106.07,-34.8707401,138.6492211,98888,-34.8037049,138.6306857,3.0,-93.8439621071
1566958106.12,-34.8707337,138.649194,98983,-34.8037049,138.6306857,3.0,-97.3660928977
1566958106.17,-34.8707269,138.6491648,99258,-34.8037049,138.6306857,3.0,-105.653303404
1566958106.2,-34.8707206,138.649138,99207,-34.8037049,138.6306857,3.0,-95.3794456853
1566958106.26,-34.8707138,138.6491089,99095,-34.8037049,138.6306857,3.0,-94.3450847823
1566958106.3,-34.8707074,138.6490824,99440,-34.8037049,138.6306857,3.0,-95.7657819425
1566958106.35,-34.8707006,138.6490537,99300,-34.8037049,138.6306857,3.0,-95.4951966909
1566958106.39,-34.8706942,138.6490275,99395,-34.8037049,138.6306857,3.0,-94.0302063839
1566958106.44,-34.8706874,138.6489992,99460,-34.8037049,138.6306857,3.0,-93.8296002936
1566958106.49,-34.8706811,138.6489732,99376,-34.8037049,138.6306857,3.0,-96.1548427648
1566958106.55,-34.8706743,138.6489451,99451,-34.8037049,138.6306857,3.0,-97.3197383721
1566958106.61,-34.8706679,138.6489196,99821,-34.8037049,138.6306857,3.0,-100.754498475
1566958106.67,-34.8706611,138.648892,99524,-34.8037049,138.6306857,3.0,-113.019208905
1566958106.72,-34.8706547,138.6488666,99622,-34.8037049,138.6306857,3.0,-96.6550731387
1566958106.78,-34.8706479,138.6488392,99580,-34.8037049,138.6306857,3.0,-114.210367635
1566958106.84,-34.8706416,138.6488142,99919,-34.8037049,138.6306857,3.0,-141.887026579
1566958106.9,-34.8706348,138.648787,99883,-34.8037049,138.6306857,3.0,-97.7161811301
1566958106.95,-34.8706284,138.648762,100107,-34.8037049,138.6306857,3.0,-93.817663233
1566958107.01,-34.8706216,138.6487349,99872,-34.8037049,138.6306857,3.0,-117.270836308
1566958107.07,-34.8706153,138.6487104,100003,-34.8037049,138.6306857,3.0,-95.3847332235
1566958107.13,-34.8706084,138.6486837,100090,-34.8037049,138.6306857,3.0,-101.586598039
1566958107.18,-34.8706021,138.6486591,100180,-34.8037049,138.6306857,3.0,-107.692486121
1566958107.24,-34.8705942,138.6486325,100309,-34.8037049,138.6306857,3.0,-96.5494787218
1566958107.27,-34.8705866,138.6486081,100017,-34.8037049,138.6306857,3.0,-94.3484118643
1566958107.34,-34.8705784,138.6485817,100090,-34.8037049,138.6306857,3.0,-94.8489085075
1566958107.39,-34.8705707,138.6485574,100267,-34.8037049,138.6306857,3.0,-101.514680085
1566958107.43,-34.8705626,138.6485312,100197,-34.8037049,138.6306857,3.0,-96.1488743698
1566958107.49,-34.8705551,138.648507,100121,-34.8037049,138.6306857,3.0,-94.271240652
1566958107.55,-34.8705468,138.6484807,100407,-34.8037049,138.6306857,3.0,-106.492259639
1566958107.59,-34.8705393,138.6484564,100267,-34.8037049,138.6306857,3.0,-95.1462029822
1566958107.64,-34.8705311,138.6484303,100174,-34.8037049,138.6306857,3.0,-99.3385276575
1566958107.69,-34.8705235,138.6484061,100329,-34.8037049,138.6306857,3.0,-97.8554704849
1566958107.74,-34.8705153,138.6483797,100320,-34.8037049,138.6306857,3.0,-103.419788596
1566958107.79,-34.8705077,138.6483554,100278,-34.8037049,138.6306857,3.0,-94.3127458974
1566958107.84,-34.8704994,138.6483292,100309,-34.8037049,138.6306857,3.0,-99.4451614037
1566958107.9,-34.8704919,138.648305,100401,-34.8037049,138.6306857,3.0,-94.0857241263
1566958107.94,-34.8704837,138.6482787,100306,-34.8037049,138.6306857,3.0,-93.8724680073
1566958107.98,-34.8704761,138.6482545,100665,-34.8037049,138.6306857,3.0,-99.9398379805
1566958108.05,-34.8704671,138.6482283,100373,-34.8037049,138.6306857,3.0,-96.2182862845
1566958108.1,-34.8704582,138.648204,100643,-34.8037049,138.6306857,3.0,-115.436356672
1566958108.14,-34.8704487,138.6481782,100763,-34.8037049,138.6306857,3.0,-94.5030814056
1566958108.2,-34.8704399,138.6481542,100774,-34.8037049,138.6306857,3.0,-113.858141827
1566958108.24,-34.8704302,138.6481284,100685,-34.8037049,138.6306857,3.0,-98.9194863717
1566958108.31,-34.8704214,138.6481049,100679,-34.8037049,138.6306857,3.0,-95.0585769932
1566958108.35,-34.8704118,138.6480795,100693,-34.8037049,138.6306857,3.0,-96.1117937973
1566958108.4,-34.8704029,138.648056,100884,-34.8037049,138.6306857,3.0,-102.368256835
1566958108.45,-34.8703934,138.6480306,100968,-34.8037049,138.6306857,3.0,-95.3779714944
1566958108.51,-34.8703846,138.6480071,100914,-34.8037049,138.6306857,3.0,-104.736215906
1566958108.57,-34.8703749,138.6479817,100654,-34.8037049,138.6306857,3.0,-99.66812788
1566958108.62,-34.8703661,138.6479582,100743,-34.8037049,138.6306857,3.0,-94.1978644716
1566958108.68,-34.8703565,138.6479326,100732,-34.8037049,138.6306857,3.0,-93.7670738996
1566958108.74,-34.8703466,138.6479092,100811,-34.8037049,138.6306857,3.0,-94.666591723
1566958108.79,-34.8703356,138.647884,100847,-34.8037049,138.6306857,3.0,-95.4163060618
1566958108.84,-34.8703255,138.6478608,100763,-34.8037049,138.6306857,3.0,-94.0533085183
1566958108.89,-34.8703146,138.6478359,100853,-34.8037049,138.6306857,3.0,-101.486439025
1566958108.93,-34.8703044,138.6478128,100833,-34.8037049,138.6306857,3.0,-101.904191904
1566958108.98,-34.8702934,138.6477878,101021,-34.8037049,138.6306857,3.0,-96.0129959264
1566958109.03,-34.8702834,138.6477648,100979,-34.8037049,138.6306857,3.0,-113.824681822
1566958109.09,-34.8702724,138.6477397,101088,-34.8037049,138.6306857,3.0,-93.8059867403
1566958109.14,-34.8702623,138.6477166,100819,-34.8037049,138.6306857,3.0,-95.3482164303
1566958109.2,-34.8702514,138.6476916,101167,-34.8037049,138.6306857,3.0,-107.004664817
1566958109.24,-34.8702411,138.6476684,100884,-34.8037049,138.6306857,3.0,-106.215485717
1566958109.29,-34.8702302,138.6476435,101127,-34.8037049,138.6306857,3.0,-112.624709644
1566958109.35,-34.8702192,138.6476209,100987,-34.8037049,138.6306857,3.0,-94.2328972265
1566958109.4,-34.8702069,138.6475963,100898,-34.8037049,138.6306857,3.0,-101.186632758
1566958109.45,-34.8701955,138.6475736,101223,-34.8037049,138.6306857,3.0,-100.386003598
1566958109.49,-34.8701832,138.647549,101116,-34.8037049,138.6306857,3.0,-103.451699726
1566958109.54,-34.8701718,138.6475262,100836,-34.8037049,138.6306857,3.0,-107.560870892
1566958109.6,-34.8701595,138.6475017,101242,-34.8037049,138.6306857,3.0,-101.967176307
1566958109.66,-34.8701481,138.647479,100844,-34.8037049,138.6306857,3.0,-93.8693115018
1566958109.71,-34.8701358,138.6474544,100884,-34.8037049,138.6306857,3.0,-95.7222659429
1566958109.76,-34.8701244,138.6474321,100898,-34.8037049,138.6306857,3.0,-95.7191067702
1566958109.82,-34.8701121,138.6474079,100956,-34.8037049,138.6306857,3.0,-94.713309442
1566958109.88,-34.8701007,138.6473856,101256,-34.8037049,138.6306857,3.0,-94.6769791737
1566958109.93,-34.8700884,138.6473614,101102,-34.8037049,138.6306857,3.0,-101.018990243
1566958109.99,-34.8700769,138.647339,101206,-34.8037049,138.6306857,3.0,-95.3404974688
1566958110.05,-34.8700647,138.6473149,100912,-34.8037049,138.6306857,3.0,-98.2489180386
1566958110.11,-34.8700532,138.6472925,101026,-34.8037049,138.6306857,3.0,-97.3316878188
1566958110.16,-34.870041,138.6472684,100993,-34.8037049,138.6306857,3.0,-94.9259806301
1566958110.22,-34.8700296,138.6472461,101001,-34.8037049,138.6306857,3.0,-122.552919765
1566958110.25,-34.8700173,138.6472219,100819,-34.8037049,138.6306857,3.0,-98.6782784267
1566958110.32,-34.8700059,138.6471996,100805,-34.8037049,138.6306857,3.0,-95.8777757052
1566958110.37,-34.8699936,138.6471755,101088,-34.8037049,138.6306857,3.0,-99.1179139856
1566958110.43,-34.8699821,138.6471531,100867,-34.8037049,138.6306857,3.0,-93.7401224976
1566958110.48,-34.8699699,138.6471288,101161,-34.8037049,138.6306857,3.0,-98.5702839844
1566958110.53,-34.8699575,138.6471067,101195,-34.8037049,138.6306857,3.0,-100.963422658
1566958110.59,-34.869945,138.6470828,100987,-34.8037049,138.6306857,3.0,-96.3731057234
1566958110.64,-34.8699323,138.647061,100788,-34.8037049,138.6306857,3.0,-95.9013340594
1566958110.68,-34.8699187,138.6470372,100864,-34.8037049,138.6306857,3.0,-103.145632568
1566958110.72,-34.8699061,138.6470153,100884,-34.8037049,138.6306857,3.0,-94.1625617637
1566958110.77,-34.8698924,138.6469916,100973,-34.8037049,138.6306857,3.0,-95.9818435108
1566958110.83,-34.8698797,138.6469694,101052,-34.8037049,138.6306857,3.0,-104.857114328
1566958110.89,-34.869866,138.6469452,100968,-34.8037049,138.6306857,3.0,-96.9519396344
1566958110.94,-34.8698533,138.6469229,100903,-34.8037049,138.6306857,3.0,-97.1946252979
1566958110.99,-34.8698397,138.6468988,100564,-34.8037049,138.6306857,3.0,-100.658148179
1566958111.03,-34.8698271,138.6468765,100648,-34.8037049,138.6306857,3.0,-94.1690593581
1566958111.09,-34.8698134,138.6468523,100864,-34.8037049,138.6306857,3.0,-98.6626264266
1566958111.15,-34.8698008,138.64683,100769,-34.8037049,138.6306857,3.0,-94.4442722245
1566958111.2,-34.869787,138.6468057,100497,-34.8037049,138.6306857,3.0,-93.6920480759
1566958111.25,-34.8697744,138.6467834,100609,-34.8037049,138.6306857,3.0,-104.384249684
1566958111.32,-34.8697607,138.6467592,100853,-34.8037049,138.6306857,3.0,-97.6628565272
1566958111.36,-34.869748,138.646737,100603,-34.8037049,138.6306857,3.0,-94.1079746197
1566958111.42,-34.8697344,138.6467128,100780,-34.8037049,138.6306857,3.0,-109.505403786
1566958111.47,-34.8697218,138.6466905,100469,-34.8037049,138.6306857,3.0,-94.3199720893
1566958111.54,-34.869708,138.6466663,100505,-34.8037049,138.6306857,3.0,-94.7924997193
1566958111.59,-34.8696955,138.6466439,100415,-34.8037049,138.6306857,3.0,-93.8785312439
1566958111.64,-34.8696817,138.6466198,100399,-34.8037049,138.6306857,3.0,-95.2515637715
1566958111.67,-34.869669,138.6465974,100763,-34.8037049,138.6306857,3.0,-98.8704510177
1566958111.72,-34.8696554,138.6465733,100443,-34.8037049,138.6306857,3.0,-97.31502274
1566958111.77,-34.8696428,138.646551,100598,-34.8037049,138.6306857,3.0,-100.292776124
1566958111.83,-34.8696291,138.6465268,100528,-34.8037049,138.6306857,3.0,-94.8822152859
1566958111.87,-34.8696165,138.6465045,100373,-34.8037049,138.6306857,3.0,-98.6999015268
1566958111.93,-34.8696027,138.6464803,100275,-34.8037049,138.6306857,3.0,-115.799288966
1566958111.98,-34.86959,138.646458,100553,-34.8037049,138.6306857,3.0,-93.6541351134
1566958112.04,-34.8695765,138.6464339,100359,-34.8037049,138.6306857,3.0,-93.6592392202
1566958112.09,-34.8695638,138.6464116,100228,-34.8037049,138.6306857,3.0,-95.905377985
1566958112.15,-34.8695501,138.6463872,100415,-34.8037049,138.6306857,3.0,-96.7110532693
1566958112.19,-34.8695375,138.646365,100146,-34.8037049,138.6306857,3.0,-104.010730703
1566958112.25,-34.8695237,138.6463407,100354,-34.8037049,138.6306857,3.0,-94.2760580564
1566958112.28,-34.869511,138.6463179,100051,-34.8037049,138.6306857,3.0,-94.2829846846
1566958112.35,-34.8694975,138.6462934,100099,-34.8037049,138.6306857,3.0,-97.1338169309
1566958112.39,-34.8694847,138.6462707,100076,-34.8037049,138.6306857,3.0,-96.7647014891
1566958112.44,-34.8694711,138.646246,100306,-34.8037049,138.6306857,3.0,-97.5037141484
1566958112.48,-34.8694585,138.6462234,99998,-34.8037049,138.6306857,3.0,-104.98971465
1566958112.54,-34.8694447,138.6461988,100113,-34.8037049,138.6306857,3.0,-93.7396362024
1566958112.59,-34.8694333,138.6461761,100359,-34.8037049,138.6306857,3.0,-95.0009808615
1566958112.63,-34.8694209,138.6461515,100267,-34.8037049,138.6306857,3.0,-102.512127144
1566958112.69,-34.8694096,138.6461287,100093,-34.8037049,138.6306857,3.0,-102.89147099
1566958112.75,-34.8693963,138.6461042,100152,-34.8037049,138.6306857,3.0,-104.406931486
1566958112.79,-34.8693844,138.6460814,100051,-34.8037049,138.6306857,3.0,-98.958751832
1566958112.85,-34.8693722,138.6460569,99875,-34.8037049,138.6306857,3.0,-93.9962943274
1566958112.91,-34.8693607,138.6460342,99964,-34.8037049,138.6306857,3.0,-95.449688471
1566958112.97,-34.8693485,138.6460091,100214,-34.8037049,138.6306857,3.0,-103.238359398
1566958113.02,-34.869337,138.645986,99858,-34.8037049,138.6306857,3.0,-155.354678585
1566958113.07,-34.8693247,138.6459612,100113,-34.8037049,138.6306857,3.0,-96.5290570093
1566958113.12,-34.8693133,138.6459386,99799,-34.8037049,138.6306857,3.0,-100.161423259
1566958113.19,-34.8693011,138.645914,100040,-34.8037049,138.6306857,3.0,-107.201848866
1566958113.24,-34.8692896,138.6458913,100045,-34.8037049,138.6306857,3.0,-96.5954529148
1566958113.29,-34.8692774,138.6458667,100160,-34.8037049,138.6306857,3.0,-101.548620579
1566958113.34,-34.8692659,138.6458439,99989,-34.8037049,138.6306857,3.0,-101.564882769
1566958113.38,-34.8692537,138.6458194,99917,-34.8037049,138.6306857,3.0,-93.7624359082
1566958113.43,-34.8692422,138.6457964,100045,-34.8037049,138.6306857,3.0,-95.0479033339
1566958113.49,-34.86923,138.6457714,99897,-34.8037049,138.6306857,3.0,-101.406298493
1566958113.53,-34.8692185,138.6457482,99933,-34.8037049,138.6306857,3.0,-93.6734870078
1566958113.59,-34.8692063,138.6457232,99650,-34.8037049,138.6306857,3.0,-93.5825705201
1566958113.65,-34.869195,138.6457002,99718,-34.8037049,138.6306857,3.0,-93.7561456156
1566958113.69,-34.8691826,138.6456754,99650,-34.8037049,138.6306857,3.0,-109.868296101
1566958113.74,-34.8691713,138.6456528,99782,-34.8037049,138.6306857,3.0,-100.331331899
1566958113.78,-34.8691589,138.6456279,99973,-34.8037049,138.6306857,3.0,-94.3837572195
1566958113.82,-34.8691476,138.6456049,99810,-34.8037049,138.6306857,3.0,-95.6452829778
1566958113.89,-34.8691352,138.6455799,99762,-34.8037049,138.6306857,3.0,-93.7749339511
1566958113.94,-34.869124,138.6455567,99838,-34.8037049,138.6306857,3.0,-93.8011527699
1566958114.0,-34.8691117,138.6455317,99723,-34.8037049,138.6306857,3.0,-93.5590525272
1566958114.05,-34.8691003,138.6455087,99633,-34.8037049,138.6306857,3.0,-95.5726838795
1566958114.11,-34.869088,138.6454837,99743,-34.8037049,138.6306857,3.0,-95.9014670742
1566958114.16,-34.8690767,138.6454606,99608,-34.8037049,138.6306857,3.0,-109.605714936
1566958114.22,-34.8690644,138.6454355,99959,-34.8037049,138.6306857,3.0,-94.62653843
1566958114.26,-34.869053,138.6454125,99743,-34.8037049,138.6306857,3.0,-106.866043105
1566958114.32,-34.8690407,138.6453874,99821,-34.8037049,138.6306857,3.0,-96.2050634039
1566958114.37,-34.8690293,138.6453642,99664,-34.8037049,138.6306857,3.0,-95.0036431906
1566958114.44,-34.869017,138.6453391,99591,-34.8037049,138.6306857,3.0,-103.634096641
1566958114.49,-34.8690056,138.6453156,99723,-34.8037049,138.6306857,3.0,-104.634547819
1566958114.54,-34.8689933,138.6452902,99555,-34.8037049,138.6306857,3.0,-97.5537859446
1566958114.58,-34.8689819,138.6452667,99844,-34.8037049,138.6306857,3.0,-101.595807065
1566958114.63,-34.8689696,138.6452412,99734,-34.8037049,138.6306857,3.0,-100.873543509
1566958114.68,-34.8689582,138.6452177,99538,-34.8037049,138.6306857,3.0,-98.723789709
1566958114.72,-34.868946,138.6451923,99945,-34.8037049,138.6306857,3.0,-101.989715305
1566958114.76,-34.8689345,138.6451688,99793,-34.8037049,138.6306857,3.0,-94.511398367
1566958114.83,-34.8689228,138.6451435,99577,-34.8037049,138.6306857,3.0,-105.541862791
1566958114.87,-34.8689126,138.64512,99973,-34.8037049,138.6306857,3.0,-116.387727678
1566958114.93,-34.8689016,138.6450946,99838,-34.8037049,138.6306857,3.0,-94.4820931089
1566958114.98,-34.8688916,138.6450711,99636,-34.8037049,138.6306857,3.0,-93.5215068979
1566958115.04,-34.8688807,138.6450457,99973,-34.8037049,138.6306857,3.0,-95.9565956935
1566958115.09,-34.8688706,138.6450223,99771,-34.8037049,138.6306857,3.0,-93.8430206393
1566958115.15,-34.8688596,138.6449968,99942,-34.8037049,138.6306857,3.0,-100.83296915
1566958115.2,-34.8688494,138.6449733,99886,-34.8037049,138.6306857,3.0,-93.6787203764
1566958115.25,-34.8688384,138.6449479,99687,-34.8037049,138.6306857,3.0,-94.4887885183
1566958115.3,-34.8688284,138.6449244,99743,-34.8037049,138.6306857,3.0,-96.6069561683
1566958115.36,-34.8688175,138.6448989,99765,-34.8037049,138.6306857,3.0,-96.8682956843
1566958115.41,-34.8688074,138.6448754,99793,-34.8037049,138.6306857,3.0,-94.8149562896
1566958115.48,-34.8687964,138.64485,99661,-34.8037049,138.6306857,3.0,-113.699831864
1566958115.53,-34.8687862,138.6448266,99796,-34.8037049,138.6306857,3.0,-101.013960823
1566958115.59,-34.8687752,138.6448012,99776,-34.8037049,138.6306857,3.0,-102.438383178
1566958115.62,-34.8687652,138.6447777,99964,-34.8037049,138.6306857,3.0,-94.6884692126
1566958115.69,-34.8687543,138.6447523,99945,-34.8037049,138.6306857,3.0,-94.2465906849
1566958115.74,-34.8687442,138.6447288,99793,-34.8037049,138.6306857,3.0,-98.6337383291
1566958115.8,-34.8687332,138.6447034,99704,-34.8037049,138.6306857,3.0,-117.244711898
1566958115.84,-34.868723,138.6446799,99872,-34.8037049,138.6306857,3.0,-96.6890324745
1566958115.9,-34.8687122,138.6446545,99984,-34.8037049,138.6306857,3.0,-98.9404586548
1566958115.94,-34.8687021,138.6446306,99830,-34.8037049,138.6306857,3.0,-96.7650668441
1566958116.0,-34.8686911,138.6446048,99720,-34.8037049,138.6306857,3.0,-98.0999696816
1566958116.05,-34.8686809,138.6445808,99704,-34.8037049,138.6306857,3.0,-96.4603043596
1566958116.11,-34.86867,138.644555,99810,-34.8037049,138.6306857,3.0,-96.8121039075
1566958116.15,-34.8686599,138.6445312,100003,-34.8037049,138.6306857,3.0,-95.7150159664
1566958116.2,-34.868649,138.6445053,99676,-34.8037049,138.6306857,3.0,-94.8250920181
1566958116.24,-34.8686389,138.6444814,99959,-34.8037049,138.6306857,3.0,-96.2710865075
1566958116.29,-34.8686279,138.6444555,99687,-34.8037049,138.6306857,3.0,-95.3111488501
1566958116.34,-34.8686177,138.6444318,99931,-34.8037049,138.6306857,3.0,-93.7041016907
1566958116.4,-34.8686068,138.644406,99824,-34.8037049,138.6306857,3.0,-93.7599763553
1566958116.45,-34.8685967,138.644382,100045,-34.8037049,138.6306857,3.0,-95.8884814018
1566958116.51,-34.8685858,138.6443562,99762,-34.8037049,138.6306857,3.0,-98.8567281059
1566958116.55,-34.8685757,138.6443324,99875,-34.8037049,138.6306857,3.0,-96.6752446507
1566958116.61,-34.8685647,138.6443065,99883,-34.8037049,138.6306857,3.0,-102.742333772
1566958116.65,-34.8685545,138.6442827,99875,-34.8037049,138.6306857,3.0,-96.2796795563
1566958116.72,-34.8685436,138.6442568,100040,-34.8037049,138.6306857,3.0,-93.4974076701
1566958116.77,-34.8685335,138.6442329,99844,-34.8037049,138.6306857,3.0,-94.0212794262
1566958116.83,-34.8685226,138.6442071,99720,-34.8037049,138.6306857,3.0,-99.1258151151
1566958116.88,-34.8685125,138.6441832,100068,-34.8037049,138.6306857,3.0,-93.5203503635
1566958116.94,-34.8685015,138.6441573,100076,-34.8037049,138.6306857,3.0,-103.191365741
1566958116.99,-34.8684913,138.6441336,100113,-34.8037049,138.6306857,3.0,-93.686987774
1566958117.05,-34.8684804,138.6441077,99776,-34.8037049,138.6306857,3.0,-99.505672385
1566958117.09,-34.8684703,138.6440839,100082,-34.8037049,138.6306857,3.0,-95.3665106296
1566958117.14,-34.8684594,138.644058,99718,-34.8037049,138.6306857,3.0,-94.3385925042
1566958117.19,-34.8684493,138.6440342,99933,-34.8037049,138.6306857,3.0,-93.6389930073
1566958117.24,-34.8684383,138.6440084,99757,-34.8037049,138.6306857,3.0,-93.9006169871
1566958117.28,-34.8684283,138.6439844,100127,-34.8037049,138.6306857,3.0,-96.9012211607
1566958117.33,-34.8684179,138.6439586,100099,-34.8037049,138.6306857,3.0,-100.230300618
1566958117.39,-34.868409,138.6439347,100113,-34.8037049,138.6306857,3.0,-93.491124784
1566958117.44,-34.8683994,138.6439088,100076,-34.8037049,138.6306857,3.0,-94.7142359089
1566958117.49,-34.8683906,138.6438848,99765,-34.8037049,138.6306857,3.0,-100.356311038
1566958117.55,-34.868381,138.6438585,99830,-34.8037049,138.6306857,3.0,-100.825504358
1566958117.6,-34.8683721,138.6438342,99757,-34.8037049,138.6306857,3.0,-97.6830793895
1566958117.67,-34.8683626,138.643808,100082,-34.8037049,138.6306857,3.0,-95.0980552427
1566958117.72,-34.8683538,138.6437838,100076,-34.8037049,138.6306857,3.0,-93.5160696065
1566958117.77,-34.8683441,138.6437575,99931,-34.8037049,138.6306857,3.0,-113.214702657
1566958117.81,-34.8683353,138.6437331,100152,-34.8037049,138.6306857,3.0,-98.6011780631
1566958117.87,-34.8683257,138.643707,99964,-34.8037049,138.6306857,3.0,-98.5314423993
1566958117.92,-34.8683168,138.6436827,100160,-34.8037049,138.6306857,3.0,-94.2315427195
1566958117.98,-34.8683073,138.6436565,99810,-34.8037049,138.6306857,3.0,-93.6207276231
1566958118.02,-34.8682985,138.6436323,99995,-34.8037049,138.6306857,3.0,-100.32680455
1566958118.08,-34.8682888,138.643606,100127,-34.8037049,138.6306857,3.0,-94.5787299558
1566958118.13,-34.8682801,138.6435818,99776,-34.8037049,138.6306857,3.0,-95.1475627538
1566958118.19,-34.8682704,138.6435554,99942,-34.8037049,138.6306857,3.0,-104.511750487
1566958118.23,-34.8682615,138.6435311,99844,-34.8037049,138.6306857,3.0,-111.58722714
1566958118.29,-34.868252,138.643505,99863,-34.8037049,138.6306857,3.0,-93.6821739591
1566958118.33,-34.8682431,138.6434807,100057,-34.8037049,138.6306857,3.0,-109.835502691
1566958118.38,-34.8682335,138.6434545,100099,-34.8037049,138.6306857,3.0,-95.0269623278
1566958118.42,-34.8682248,138.6434303,99886,-34.8037049,138.6306857,3.0,-94.234551738
1566958118.47,-34.8682152,138.643404,100045,-34.8037049,138.6306857,3.0,-93.4026638947
1566958118.52,-34.8682063,138.6433798,99830,-34.8037049,138.6306857,3.0,-100.338857771
1566958118.57,-34.8681968,138.6433535,99872,-34.8037049,138.6306857,3.0,-102.322101603
1566958118.63,-34.8681878,138.6433291,100003,-34.8037049,138.6306857,3.0,-94.6579137441
1566958118.68,-34.8681782,138.643303,100060,-34.8037049,138.6306857,3.0,-93.6962774193
1566958118.73,-34.8681695,138.6432787,99844,-34.8037049,138.6306857,3.0,-97.33434967
1566958118.79,-34.8681598,138.6432525,99945,-34.8037049,138.6306857,3.0,-94.5756161369
1566958118.83,-34.868151,138.6432281,100079,-34.8037049,138.6306857,3.0,-93.4076689634
1566958118.88,-34.8681415,138.643202,99917,-34.8037049,138.6306857,3.0,-97.2371052858
1566958118.93,-34.8681325,138.6431778,100040,-34.8037049,138.6306857,3.0,-93.4317146087
1566958119.0,-34.868123,138.6431514,99931,-34.8037049,138.6306857,3.0,-93.8278305241
1566958119.05,-34.8681142,138.6431271,99844,-34.8037049,138.6306857,3.0,-93.6313833569
1566958119.11,-34.8681045,138.643101,100186,-34.8037049,138.6306857,3.0,-103.717985819
1566958119.16,-34.8680957,138.6430767,100135,-34.8037049,138.6306857,3.0,-93.3836376177
1566958119.22,-34.8680862,138.6430504,99886,-34.8037049,138.6306857,3.0,-96.8039252922
1566958119.26,-34.8680772,138.6430261,100197,-34.8037049,138.6306857,3.0,-95.3199280723
1566958119.31,-34.8680677,138.6429995,99942,-34.8037049,138.6306857,3.0,-102.688817891
1566958119.37,-34.8680589,138.6429748,99973,-34.8037049,138.6306857,3.0,-93.3963234684
1566958119.43,-34.8680492,138.6429482,99776,-34.8037049,138.6306857,3.0,-94.2790915779
1566958119.48,-34.8680405,138.6429236,100090,-34.8037049,138.6306857,3.0,-94.6525722189
1566958119.54,-34.8680309,138.6428968,99931,-34.8037049,138.6306857,3.0,-94.5806567957
1566958119.58,-34.8680219,138.6428722,100079,-34.8037049,138.6306857,3.0,-94.4764226025
1566958119.62,-34.8680124,138.6428455,100107,-34.8037049,138.6306857,3.0,-97.0272158479
1566958119.67,-34.8680036,138.642821,99984,-34.8037049,138.6306857,3.0,-114.211376585
1566958119.72,-34.8679939,138.6427943,99858,-34.8037049,138.6306857,3.0,-95.1902042519
1566958119.77,-34.8679852,138.6427697,100015,-34.8037049,138.6306857,3.0,-97.8308647776
1566958119.83,-34.8679756,138.642743,100200,-34.8037049,138.6306857,3.0,-96.3580771599
1566958119.88,-34.8679668,138.6427184,100082,-34.8037049,138.6306857,3.0,-108.98059236
1566958119.93,-34.8679571,138.6426916,99905,-34.8037049,138.6306857,3.0,-99.277180309
1566958119.98,-34.8679483,138.642667,100099,-34.8037049,138.6306857,3.0,-95.4553024024
1566958120.04,-34.8679386,138.6426404,99886,-34.8037049,138.6306857,3.0,-93.8312734394
1566958120.09,-34.8679299,138.6426162,100113,-34.8037049,138.6306857,3.0,-94.6033088815
1566958120.16,-34.8679203,138.6425899,99903,-34.8037049,138.6306857,3.0,-109.754372334
1566958120.2,-34.8679115,138.6425657,99858,-34.8037049,138.6306857,3.0,-95.7007874342
1566958120.24,-34.8679019,138.642539,99989,-34.8037049,138.6306857,3.0,-93.3916805753
1566958120.31,-34.8678929,138.6425143,100152,-34.8037049,138.6306857,3.0,-95.4069455667
1566958120.36,-34.8678833,138.6424875,99883,-34.8037049,138.6306857,3.0,-95.5303579321
1566958120.4,-34.8678746,138.642463,99928,-34.8037049,138.6306857,3.0,-93.3754998314
1566958120.46,-34.867865,138.6424362,100169,-34.8037049,138.6306857,3.0,-93.808135444
1566958120.51,-34.8678562,138.6424117,100076,-34.8037049,138.6306857,3.0,-95.2358371674
1566958120.57,-34.8678466,138.642385,99830,-34.8037049,138.6306857,3.0,-118.373418378
1566958120.62,-34.8678376,138.6423604,100138,-34.8037049,138.6306857,3.0,-103.97262632
1566958120.69,-34.8678282,138.6423338,100079,-34.8037049,138.6306857,3.0,-93.5562375996
1566958120.74,-34.8678193,138.6423092,100015,-34.8037049,138.6306857,3.0,-101.809406369
1566958120.8,-34.8678096,138.6422824,99989,-34.8037049,138.6306857,3.0,-98.035131766
1566958120.84,-34.8678009,138.6422577,100228,-34.8037049,138.6306857,3.0,-102.95165705
1566958120.91,-34.8677913,138.6422311,99886,-34.8037049,138.6306857,3.0,-120.729653625
1566958120.95,-34.8677823,138.6422064,100026,-34.8037049,138.6306857,3.0,-105.288237084
1566958121.01,-34.8677729,138.6421797,99919,-34.8037049,138.6306857,3.0,-100.916886958
1566958121.06,-34.867764,138.6421552,100228,-34.8037049,138.6306857,3.0,-97.9940801821
1566958121.12,-34.8677543,138.6421286,100236,-34.8037049,138.6306857,3.0,-100.978640288
1566958121.17,-34.8677456,138.6421039,100107,-34.8037049,138.6306857,3.0,-97.8377561165
1566958121.22,-34.867736,138.6420772,100121,-34.8037049,138.6306857,3.0,-97.8515450476
1566958121.24,-34.867727,138.6420526,99830,-34.8037049,138.6306857,3.0,-104.995580087
1566958121.3,-34.8677176,138.6420259,99813,-34.8037049,138.6306857,3.0,-108.281863083
1566958121.35,-34.8677087,138.6420013,100017,-34.8037049,138.6306857,3.0,-93.9411718132
1566958121.4,-34.867699,138.6419746,99942,-34.8037049,138.6306857,3.0,-109.975245341
1566958121.44,-34.8676903,138.6419499,100225,-34.8037049,138.6306857,3.0,-93.5875154528
1566958121.49,-34.8676807,138.6419233,100107,-34.8037049,138.6306857,3.0,-93.8063672982
1566958121.54,-34.8676719,138.6418986,100029,-34.8037049,138.6306857,3.0,-94.5890791433
1566958121.6,-34.8676623,138.641872,100051,-34.8037049,138.6306857,3.0,-99.1797128762
1566958121.65,-34.8676534,138.6418471,100138,-34.8037049,138.6306857,3.0,-93.4649999325
1566958121.71,-34.8676439,138.6418201,99956,-34.8037049,138.6306857,3.0,-93.3239561376
1566958121.75,-34.867635,138.6417954,99858,-34.8037049,138.6306857,3.0,-93.3041627307
1566958121.81,-34.8676261,138.6417684,100045,-34.8037049,138.6306857,3.0,-125.602422828
1566958121.86,-34.8676186,138.6417438,100076,-34.8037049,138.6306857,3.0,-93.4444435036
1566958121.93,-34.8676103,138.6417171,99973,-34.8037049,138.6306857,3.0,-93.3234442227
1566958121.98,-34.8676028,138.6416925,99883,-34.8037049,138.6306857,3.0,-94.048160208
1566958122.05,-34.8675945,138.6416658,99945,-34.8037049,138.6306857,3.0,-93.6507636131
1566958122.1,-34.867587,138.641641,100135,-34.8037049,138.6306857,3.0,-105.461480902
1566958122.16,-34.8675787,138.6416146,100017,-34.8037049,138.6306857,3.0,-100.927472623
1566958122.2,-34.8675712,138.64159,100180,-34.8037049,138.6306857,3.0,-115.048778571
1566958122.25,-34.8675629,138.6415633,100216,-34.8037049,138.6306857,3.0,-94.6321551676
1566958122.3,-34.8675554,138.6415386,100292,-34.8037049,138.6306857,3.0,-97.3310513331
1566958122.36,-34.8675472,138.641512,99917,-34.8037049,138.6306857,3.0,-93.3579788612
1566958122.41,-34.8675396,138.6414874,100113,-34.8037049,138.6306857,3.0,-116.380782913
1566958122.47,-34.8675314,138.6414606,99858,-34.8037049,138.6306857,3.0,-100.323280955
1566958122.52,-34.8675238,138.6414359,100135,-34.8037049,138.6306857,3.0,-94.9599455991
1566958122.57,-34.8675156,138.6414091,99849,-34.8037049,138.6306857,3.0,-93.4329683944
1566958122.62,-34.867508,138.6413844,99838,-34.8037049,138.6306857,3.0,-93.2752730721
1566958122.67,-34.8674998,138.6413575,99844,-34.8037049,138.6306857,3.0,-97.2302920212
1566958122.71,-34.8674922,138.6413327,100186,-34.8037049,138.6306857,3.0,-102.247009275
1566958122.78,-34.867484,138.6413058,100191,-34.8037049,138.6306857,3.0,-93.8415025674
1566958122.83,-34.8674764,138.6412809,100160,-34.8037049,138.6306857,3.0,-97.7197911897
1566958122.88,-34.8674682,138.6412537,100169,-34.8037049,138.6306857,3.0,-93.2916488364
1566958122.92,-34.8674606,138.6412288,99863,-34.8037049,138.6306857,3.0,-123.576063335
1566958122.98,-34.8674524,138.6412018,100261,-34.8037049,138.6306857,3.0,-110.917036915
1566958123.03,-34.8674448,138.6411769,99897,-34.8037049,138.6306857,3.0,-98.8536548926
1566958123.08,-34.8674366,138.6411501,100160,-34.8037049,138.6306857,3.0,-97.1539082006
1566958123.13,-34.867429,138.6411253,100278,-34.8037049,138.6306857,3.0,-99.8490743004
1566958123.18,-34.8674208,138.6410984,100082,-34.8037049,138.6306857,3.0,-94.6823144765
1566958123.23,-34.8674132,138.6410736,100239,-34.8037049,138.6306857,3.0,-96.9994728262
1566958123.27,-34.867405,138.6410467,100057,-34.8037049,138.6306857,3.0,-97.039201124
1566958123.32,-34.8673974,138.6410216,99945,-34.8037049,138.6306857,3.0,-93.793478996
1566958123.39,-34.8673892,138.6409946,100261,-34.8037049,138.6306857,3.0,-94.3142311299
1566958123.44,-34.8673816,138.6409696,100239,-34.8037049,138.6306857,3.0,-93.536140565
1566958123.5,-34.8673734,138.6409425,99858,-34.8037049,138.6306857,3.0,-99.3351462232
1566958123.55,-34.8673658,138.6409177,100135,-34.8037049,138.6306857,3.0,-95.5335616503
1566958123.61,-34.8673576,138.6408908,100127,-34.8037049,138.6306857,3.0,-99.2194369189
1566958123.66,-34.86735,138.640866,100253,-34.8037049,138.6306857,3.0,-93.379200076
1566958123.72,-34.8673418,138.6408391,99984,-34.8037049,138.6306857,3.0,-93.2454404454
1566958123.76,-34.8673342,138.6408143,99989,-34.8037049,138.6306857,3.0,-96.2544998193
1566958123.83,-34.8673261,138.6407874,100225,-34.8037049,138.6306857,3.0,-98.8270064018
1566958123.87,-34.8673184,138.6407625,99973,-34.8037049,138.6306857,3.0,-110.518945802
1566958123.94,-34.8673102,138.6407358,99989,-34.8037049,138.6306857,3.0,-94.1300080629
1566958123.98,-34.8673026,138.6407111,100037,-34.8037049,138.6306857,3.0,-101.009441019
1566958124.03,-34.8672944,138.6406841,100239,-34.8037049,138.6306857,3.0,-97.7864986046
1566958124.08,-34.8672868,138.6406591,100040,-34.8037049,138.6306857,3.0,-93.4554841568
1566958124.13,-34.8672787,138.6406321,99973,-34.8037049,138.6306857,3.0,-111.860614521
1566958124.17,-34.867271,138.640607,100037,-34.8037049,138.6306857,3.0,-107.200919319
1566958124.23,-34.8672629,138.64058,100015,-34.8037049,138.6306857,3.0,-101.518986277
1566958124.27,-34.8672552,138.6405548,100253,-34.8037049,138.6306857,3.0,-112.464651244
1566958124.33,-34.8672471,138.640528,100239,-34.8037049,138.6306857,3.0,-146.124044893
1566958124.38,-34.8672394,138.6405031,100040,-34.8037049,138.6306857,3.0,-96.9082394732
1566958124.45,-34.8672313,138.6404763,100267,-34.8037049,138.6306857,3.0,-96.021785919
1566958124.49,-34.8672236,138.6404514,100214,-34.8037049,138.6306857,3.0,-95.2458666401
1566958124.55,-34.8672155,138.6404246,100107,-34.8037049,138.6306857,3.0,-98.0830161508
1566958124.59,-34.8672078,138.6403996,99849,-34.8037049,138.6306857,3.0,-96.3629243554
1566958124.63,-34.8671997,138.6403724,100228,-34.8037049,138.6306857,3.0,-106.678601714
1566958124.68,-34.867192,138.640347,99886,-34.8037049,138.6306857,3.0,-103.754182245
1566958124.74,-34.8671839,138.6403198,100253,-34.8037049,138.6306857,3.0,-96.9394966327
1566958124.79,-34.8671762,138.6402948,99889,-34.8037049,138.6306857,3.0,-93.2584497238
1566958124.85,-34.8671681,138.6402678,100124,-34.8037049,138.6306857,3.0,-93.6643470077
1566958124.9,-34.8671605,138.6402427,100124,-34.8037049,138.6306857,3.0,-97.60554588
1566958124.95,-34.8671523,138.6402157,100186,-34.8037049,138.6306857,3.0,-96.4251267016
1566958125.0,-34.8671447,138.6401907,100076,-34.8037049,138.6306857,3.0,-93.7170484006
1566958125.04,-34.8671365,138.6401634,100247,-34.8037049,138.6306857,3.0,-103.526820893
1566958125.1,-34.8671289,138.6401382,100093,-34.8037049,138.6306857,3.0,-97.2862334855
1566958125.15,-34.8671207,138.640111,99956,-34.8037049,138.6306857,3.0,-96.2297041974
1566958125.21,-34.8671131,138.640086,100068,-34.8037049,138.6306857,3.0,-94.8729541882
1566958125.26,-34.8671049,138.6400588,100003,-34.8037049,138.6306857,3.0,-95.5265420423
1566958125.31,-34.8670973,138.6400338,99919,-34.8037049,138.6306857,3.0,-102.492624066
1566958125.37,-34.8670891,138.6400065,100057,-34.8037049,138.6306857,3.0,-97.1288131414
1566958125.42,-34.8670815,138.6399815,100216,-34.8037049,138.6306857,3.0,-104.650735611
1566958125.48,-34.8670733,138.6399544,100093,-34.8037049,138.6306857,3.0,-93.8119045024
1566958125.53,-34.8670657,138.6399295,99875,-34.8037049,138.6306857,3.0,-100.252482032
1566958125.59,-34.8670575,138.6399026,99928,-34.8037049,138.6306857,3.0,-156.658278221
1566958125.63,-34.8670499,138.6398778,100261,-34.8037049,138.6306857,3.0,-95.9417973444
1566958125.67,-34.8670417,138.6398509,100082,-34.8037049,138.6306857,3.0,-95.4893287011
1566958125.73,-34.8670341,138.6398261,100174,-34.8037049,138.6306857,3.0,-93.5733526156
1566958125.78,-34.8670259,138.6397992,99872,-34.8037049,138.6306857,3.0,-102.769026867
1566958125.84,-34.8670183,138.6397742,100015,-34.8037049,138.6306857,3.0,-109.83511258
1566958125.89,-34.8670101,138.6397471,100205,-34.8037049,138.6306857,3.0,-93.4416260157
1566958125.95,-34.8670025,138.6397221,99838,-34.8037049,138.6306857,3.0,-95.4770449561
1566958126.0,-34.8669943,138.639695,99981,-34.8037049,138.6306857,3.0,-96.6540689752
1566958126.06,-34.8669867,138.63967,100225,-34.8037049,138.6306857,3.0,-93.5309892672
