1566958034.76,-34.7324179,138.6384238,100101,-34.8037049,138.6306857,3.0,-94.8824369628
1566958034.8,-34.7324356,138.6384436,99776,-34.8037049,138.6306857,3.0,-106.235706185
1566958034.86,-34.7324549,138.6384651,99791,-34.8037049,138.6306857,3.0,-94.1936394685
1566958034.91,-34.7324726,138.6384848,99816,-34.8037049,138.6306857,3.0,-114.543628765
1566958034.97,-34.7324917,138.6385063,99624,-34.8037049,138.6306857,3.0,-98.7032796605
1566958035.02,-34.7325094,138.6385262,99468,-34.8037049,138.6306857,3.0,-97.1057661548
1566958035.07,-34.7325286,138.6385477,99262,-34.8037049,138.6306857,3.0,-97.642219046
1566958035.12,-34.7325462,138.6385675,99132,-34.8037049,138.6306857,3.0,-94.5348479888
1566958035.18,-34.7325655,138.6385886,99062,-34.8037049,138.6306857,3.0,-104.898492106
1566958035.23,-34.7325832,138.6386081,99279,-34.8037049,138.6306857,3.0,-96.1654823403
1566958035.26,-34.7326022,138.6386288,99087,-34.8037049,138.6306857,3.0,-102.49691534
1566958035.32,-34.73262,138.6386477,99078,-34.8037049,138.6306857,3.0,-116.793000471
1566958035.38,-34.7326392,138.6386681,99047,-34.8037049,138.6306857,3.0,-110.539101003
1566958035.43,-34.7326568,138.6386867,99093,-34.8037049,138.6306857,3.0,-95.9765356014
1566958035.49,-34.732676,138.6387069,98886,-34.8037049,138.6306857,3.0,-96.0678119018
1566958035.52,-34.7326938,138.6387255,99016,-34.8037049,138.6306857,3.0,-94.8895863725
1566958035.59,-34.7327128,138.6387455,98886,-34.8037049,138.6306857,3.0,-98.2694103259
1566958035.63,-34.7327305,138.6387638,99223,-34.8037049,138.6306857,3.0,-101.246756924
1566958035.69,-34.7327498,138.6387835,99208,-34.8037049,138.6306857,3.0,-97.129628482
1566958035.73,-34.7327675,138.6388016,98968,-34.8037049,138.6306857,3.0,-102.336771213
1566958035.78,-34.7327866,138.638821,99132,-34.8037049,138.6306857,3.0,-107.854649192
1566958035.82,-34.7328043,138.6388386,99262,-34.8037049,138.6306857,3.0,-94.6268257159
1566958035.89,-34.7328234,138.6388577,99259,-34.8037049,138.6306857,3.0,-100.463872538
1566958035.93,-34.7328411,138.6388753,99228,-34.8037049,138.6306857,3.0,-97.1050011933
1566958035.98,-34.7328604,138.6388941,99372,-34.8037049,138.6306857,3.0,-94.5497311387
1566958036.04,-34.732878,138.6389115,99127,-34.8037049,138.6306857,3.0,-100.506428397
1566958036.09,-34.7328971,138.6389303,99208,-34.8037049,138.6306857,3.0,-95.6922437252
1566958036.14,-34.7329149,138.6389474,99525,-34.8037049,138.6306857,3.0,-112.012389181
1566958036.2,-34.7329341,138.6389659,99183,-34.8037049,138.6306857,3.0,-94.2979934147
1566958036.24,-34.7329517,138.6389831,99494,-34.8037049,138.6306857,3.0,-98.0445425263
1566958036.3,-34.7329709,138.6390015,99449,-34.8037049,138.6306857,3.0,-136.1608737
1566958036.35,-34.7329886,138.6390185,99700,-34.8037049,138.6306857,3.0,-140.151818154
1566958036.41,-34.7330077,138.6390367,99333,-34.8037049,138.6306857,3.0,-97.2992945046
1566958036.46,-34.7330254,138.6390535,99686,-34.8037049,138.6306857,3.0,-94.8762305564
1566958036.51,-34.7330447,138.6390715,99779,-34.8037049,138.6306857,3.0,-95.3392554473
1566958036.56,-34.7330623,138.6390879,99836,-34.8037049,138.6306857,3.0,-94.1914186064
1566958036.62,-34.7330815,138.6391059,99875,-34.8037049,138.6306857,3.0,-97.3402694302
1566958036.67,-34.7330992,138.6391222,99553,-34.8037049,138.6306857,3.0,-111.385111693
1566958036.71,-34.7331183,138.6391399,99584,-34.8037049,138.6306857,3.0,-94.3144643958
1566958036.75,-34.733136,138.6391562,99960,-34.8037049,138.6306857,3.0,-110.871390678
1566958036.81,-34.7331552,138.6391736,100005,-34.8037049,138.6306857,3.0,-96.4392693347
1566958036.86,-34.7331729,138.6391899,99796,-34.8037049,138.6306857,3.0,-95.5236871598
1566958036.92,-34.733192,138.6392074,100056,-34.8037049,138.6306857,3.0,-99.1032707146
1566958036.97,-34.7332098,138.6392234,99726,-34.8037049,138.6306857,3.0,-94.294322531
1566958037.03,-34.7332289,138.6392406,100031,-34.8037049,138.6306857,3.0,-108.17116448
1566958037.08,-34.7332466,138.6392567,99960,-34.8037049,138.6306857,3.0,-94.1518513258
1566958037.14,-34.7332658,138.639274,100017,-34.8037049,138.6306857,3.0,-94.262962334
1566958037.19,-34.7332835,138.63929,100158,-34.8037049,138.6306857,3.0,-97.2521981221
1566958037.24,-34.7333026,138.6393072,100121,-34.8037049,138.6306857,3.0,-103.395656475
1566958037.29,-34.7333203,138.6393229,100017,-34.8037049,138.6306857,3.0,-98.0125250014
1566958037.34,-34.7333395,138.63934,100158,-34.8037049,138.6306857,3.0,-110.259010424
1566958037.38,-34.7333572,138.6393558,100082,-34.8037049,138.6306857,3.0,-94.1349927324
1566958037.44,-34.7333764,138.6393728,100116,-34.8037049,138.6306857,3.0,-102.940601358
1566958037.48,-34.7333941,138.6393886,100048,-34.8037049,138.6306857,3.0,-94.7361275337
1566958037.52,-34.7334132,138.6394057,100319,-34.8037049,138.6306857,3.0,-103.23610561
1566958037.58,-34.7334309,138.6394215,100166,-34.8037049,138.6306857,3.0,-94.1711595888
1566958037.64,-34.7334501,138.6394384,100101,-34.8037049,138.6306857,3.0,-122.001392077
1566958037.69,-34.7334678,138.639454,100158,-34.8037049,138.6306857,3.0,-104.049325162
1566958037.76,-34.7334869,138.6394709,100277,-34.8037049,138.6306857,3.0,-94.0787662867
1566958037.8,-34.7335047,138.6394865,100248,-34.8037049,138.6306857,3.0,-94.3198182849
1566958037.85,-34.7335238,138.6395034,100319,-34.8037049,138.6306857,3.0,-94.0778725187
1566958037.9,-34.7335415,138.6395188,100229,-34.8037049,138.6306857,3.0,-96.9651682631
1566958037.96,-34.7335607,138.6395358,100398,-34.8037049,138.6306857,3.0,-103.587087145
1566958038.01,-34.7335784,138.6395513,100432,-34.8037049,138.6306857,3.0,-94.0859005755
1566958038.08,-34.7335975,138.6395681,100296,-34.8037049,138.6306857,3.0,-95.9670648337
1566958038.12,-34.7336152,138.6395834,100333,-34.8037049,138.6306857,3.0,-112.675413168
1566958038.17,-34.7336344,138.6396002,100618,-34.8037049,138.6306857,3.0,-94.5402951723
1566958038.22,-34.7336521,138.6396155,100319,-34.8037049,138.6306857,3.0,-95.1581746844
1566958038.27,-34.7336713,138.6396322,100229,-34.8037049,138.6306857,3.0,-94.7378537677
1566958038.32,-34.7336889,138.6396476,100449,-34.8037049,138.6306857,3.0,-95.5856539098
1566958038.38,-34.7337081,138.6396646,100483,-34.8037049,138.6306857,3.0,-114.993286114
1566958038.43,-34.7337257,138.6396801,100449,-34.8037049,138.6306857,3.0,-100.927671718
1566958038.5,-34.733745,138.6396971,100418,-34.8037049,138.6306857,3.0,-98.2006733365
1566958038.53,-34.7337627,138.6397126,100392,-34.8037049,138.6306857,3.0,-97.2285164138
1566958038.57,-34.7337818,138.6397293,100669,-34.8037049,138.6306857,3.0,-103.820268184
1566958038.61,-34.7337994,138.6397446,100624,-34.8037049,138.6306857,3.0,-101.619318848
1566958038.66,-34.7338187,138.6397613,100723,-34.8037049,138.6306857,3.0,-97.2510728233
1566958038.7,-34.7338364,138.6397767,100573,-34.8037049,138.6306857,3.0,-100.221336337
1566958038.75,-34.7338556,138.6397932,100548,-34.8037049,138.6306857,3.0,-100.361313095
1566958038.79,-34.7338732,138.6398087,100655,-34.8037049,138.6306857,3.0,-96.2042490299
1566958038.85,-34.7338923,138.6398254,100534,-34.8037049,138.6306857,3.0,-97.9581078362
1566958038.89,-34.73391,138.6398408,100780,-34.8037049,138.6306857,3.0,-98.2894897825
1566958038.95,-34.7339293,138.6398575,100780,-34.8037049,138.6306857,3.0,-94.0239890526
1566958039.0,-34.733947,138.6398729,100678,-34.8037049,138.6306857,3.0,-94.6296591479
1566958039.07,-34.733966,138.6398894,100599,-34.8037049,138.6306857,3.0,-119.015281616
1566958039.13,-34.7339838,138.6399049,100700,-34.8037049,138.6306857,3.0,-94.4434447676
1566958039.18,-34.734003,138.6399215,100695,-34.8037049,138.6306857,3.0,-94.7174564432
1566958039.23,-34.7340206,138.639937,100921,-34.8037049,138.6306857,3.0,-94.4704213586
1566958039.29,-34.7340398,138.6399537,100904,-34.8037049,138.6306857,3.0,-94.0129942131
1566958039.34,-34.7340575,138.639969,100754,-34.8037049,138.6306857,3.0,-105.980482513
1566958039.4,-34.7340766,138.6399858,100819,-34.8037049,138.6306857,3.0,-105.645660658
1566958039.45,-34.7340943,138.6400011,100678,-34.8037049,138.6306857,3.0,-97.7386280852
1566958039.52,-34.7341136,138.6400177,100568,-34.8037049,138.6306857,3.0,-100.003424376
1566958039.56,-34.7341313,138.6400332,100729,-34.8037049,138.6306857,3.0,-103.050613591
1566958039.62,-34.7341504,138.6400498,100991,-34.8037049,138.6306857,3.0,-105.626843234
1566958039.66,-34.7341681,138.6400651,100664,-34.8037049,138.6306857,3.0,-95.8613822502
1566958039.73,-34.7341872,138.6400818,100768,-34.8037049,138.6306857,3.0,-101.369469389
1566958039.76,-34.7342049,138.6400973,100700,-34.8037049,138.6306857,3.0,-94.8916852527
1566958039.81,-34.7342242,138.6401139,100941,-34.8037049,138.6306857,3.0,-94.5548526556
1566958039.87,-34.7342419,138.6401294,100785,-34.8037049,138.6306857,3.0,-101.73872903
1566958039.93,-34.7342609,138.640146,100768,-34.8037049,138.6306857,3.0,-97.7628123839
1566958039.97,-34.7342787,138.6401617,100785,-34.8037049,138.6306857,3.0,-95.3718569463
1566958040.02,-34.7342979,138.6401785,100720,-34.8037049,138.6306857,3.0,-97.5018610406
1566958040.06,-34.7343155,138.6401939,100695,-34.8037049,138.6306857,3.0,-98.1605250709
1566958040.12,-34.7343347,138.6402106,101037,-34.8037049,138.6306857,3.0,-95.5562311206
1566958040.18,-34.7343524,138.6402261,100836,-34.8037049,138.6306857,3.0,-95.278833549
1566958040.22,-34.7343715,138.6402427,101006,-34.8037049,138.6306857,3.0,-93.9761096622
1566958040.26,-34.7343892,138.6402582,101071,-34.8037049,138.6306857,3.0,-93.9692002221
1566958040.31,-34.7344085,138.6402747,100799,-34.8037049,138.6306857,3.0,-96.8128494879
1566958040.37,-34.7344262,138.6402901,100980,-34.8037049,138.6306857,3.0,-114.890936455
1566958040.42,-34.7344453,138.6403068,100715,-34.8037049,138.6306857,3.0,-95.004244724
1566958040.45,-34.734463,138.6403225,100836,-34.8037049,138.6306857,3.0,-112.283340284
1566958040.53,-34.7344821,138.6403393,100813,-34.8037049,138.6306857,3.0,-120.941182013
1566958040.58,-34.7344998,138.6403547,100723,-34.8037049,138.6306857,3.0,-97.2505360123
1566958040.63,-34.734519,138.6403714,100904,-34.8037049,138.6306857,3.0,-94.0598004183
1566958040.68,-34.7345368,138.6403868,100683,-34.8037049,138.6306857,3.0,-95.123424981
1566958040.74,-34.7345558,138.6404035,100904,-34.8037049,138.6306857,3.0,-104.692624103
1566958040.8,-34.7345736,138.6404189,100599,-34.8037049,138.6306857,3.0,-108.582899702
1566958040.85,-34.7345928,138.6404358,100655,-34.8037049,138.6306857,3.0,-100.868455112
1566958040.89,-34.7346104,138.6404514,100630,-34.8037049,138.6306857,3.0,-99.8329093239
1566958040.94,-34.7346296,138.6404681,100966,-34.8037049,138.6306857,3.0,-102.682584011
1566958040.99,-34.7346473,138.6404838,100720,-34.8037049,138.6306857,3.0,-94.5256673958
1566958041.04,-34.7346664,138.6405007,100876,-34.8037049,138.6306857,3.0,-94.2422027261
1566958041.09,-34.7346841,138.6405163,100709,-34.8037049,138.6306857,3.0,-98.7308971283
1566958041.15,-34.7347034,138.6405332,100610,-34.8037049,138.6306857,3.0,-117.664008665
1566958041.2,-34.734721,138.6405486,100683,-34.8037049,138.6306857,3.0,-108.653650818
1566958041.24,-34.7347402,138.6405653,100805,-34.8037049,138.6306857,3.0,-96.0325102392
1566958041.28,-34.7347579,138.6405807,100734,-34.8037049,138.6306857,3.0,-99.4401450289
1566958041.35,-34.734777,138.6405974,100675,-34.8037049,138.6306857,3.0,-98.4692305005
1566958041.39,-34.7347947,138.6406127,100599,-34.8037049,138.6306857,3.0,-98.2945095287
1566958041.45,-34.7348139,138.6406295,100610,-34.8037049,138.6306857,3.0,-94.4946856917
1566958041.5,-34.7348316,138.6406448,100658,-34.8037049,138.6306857,3.0,-94.2222724789
1566958041.57,-34.7348507,138.6406615,100774,-34.8037049,138.6306857,3.0,-132.888682446
1566958041.62,-34.7348685,138.6406769,100633,-34.8037049,138.6306857,3.0,-95.4257196435
1566958041.68,-34.7348876,138.6406936,100799,-34.8037049,138.6306857,3.0,-99.9053637543
1566958041.72,-34.7349053,138.6407089,100443,-34.8037049,138.6306857,3.0,-104.948220369
1566958041.79,-34.7349245,138.6407257,100700,-34.8037049,138.6306857,3.0,-96.478350666
1566958041.83,-34.7349422,138.640741,100618,-34.8037049,138.6306857,3.0,-94.4068336436
1566958041.89,-34.7349613,138.6407577,100384,-34.8037049,138.6306857,3.0,-96.7597830833
1566958041.94,-34.7349789,138.6407731,100477,-34.8037049,138.6306857,3.0,-94.0772872896
1566958041.98,-34.7349982,138.6407898,100522,-34.8037049,138.6306857,3.0,-94.8067166848
1566958042.02,-34.7350159,138.6408052,100474,-34.8037049,138.6306857,3.0,-106.096153456
1566958042.08,-34.7350351,138.6408219,100534,-34.8037049,138.6306857,3.0,-111.908450528
1566958042.13,-34.7350528,138.6408372,100587,-34.8037049,138.6306857,3.0,-104.148992375
1566958042.17,-34.7350719,138.6408539,100573,-34.8037049,138.6306857,3.0,-115.462485375
1566958042.22,-34.7350895,138.6408694,100568,-34.8037049,138.6306857,3.0,-97.4329172514
1566958042.28,-34.7351088,138.6408863,100520,-34.8037049,138.6306857,3.0,-116.68548782
1566958042.32,-34.7351265,138.6409019,100593,-34.8037049,138.6306857,3.0,-107.948867651
1566958042.38,-34.7351456,138.6409187,100494,-34.8037049,138.6306857,3.0,-97.4728208311
1566958042.43,-34.7351634,138.6409344,100347,-34.8037049,138.6306857,3.0,-99.9781135982
1566958042.49,-34.7351825,138.6409512,100277,-34.8037049,138.6306857,3.0,-95.2150215891
1566958042.54,-34.7352002,138.6409669,100217,-34.8037049,138.6306857,3.0,-105.211415825
1566958042.59,-34.7352194,138.6409837,100186,-34.8037049,138.6306857,3.0,-100.585843724
1566958042.64,-34.7352371,138.640999,100387,-34.8037049,138.6306857,3.0,-94.4898396451
1566958042.7,-34.7352561,138.6410158,100497,-34.8037049,138.6306857,3.0,-104.678310882
1566958042.75,-34.7352738,138.6410311,100429,-34.8037049,138.6306857,3.0,-94.2864236094
1566958042.8,-34.7352931,138.6410478,100488,-34.8037049,138.6306857,3.0,-94.7765145395
1566958042.85,-34.7353108,138.641063,100141,-34.8037049,138.6306857,3.0,-95.6275212356
1566958042.9,-34.73533,138.6410795,100333,-34.8037049,138.6306857,3.0,-100.515138043
1566958042.94,-34.7353477,138.6410948,100288,-34.8037049,138.6306857,3.0,-104.798167844
1566958043.0,-34.7353668,138.6411115,100172,-34.8037049,138.6306857,3.0,-102.50784093
1566958043.04,-34.7353844,138.6411269,100327,-34.8037049,138.6306857,3.0,-103.735970649
1566958043.09,-34.7354037,138.6411436,100359,-34.8037049,138.6306857,3.0,-93.9457209669
1566958043.13,-34.7354213,138.6411589,100277,-34.8037049,138.6306857,3.0,-102.52211095
1566958043.19,-34.7354404,138.6411757,100308,-34.8037049,138.6306857,3.0,-93.8596960951
1566958043.23,-34.7354583,138.641191,100251,-34.8037049,138.6306857,3.0,-101.450091663
1566958043.28,-34.7354774,138.6412078,100342,-34.8037049,138.6306857,3.0,-93.9411373446
1566958043.34,-34.7354951,138.6412231,100147,-34.8037049,138.6306857,3.0,-93.8448738595
1566958043.4,-34.7355143,138.6412398,100203,-34.8037049,138.6306857,3.0,-94.0693667604
1566958043.43,-34.7355319,138.6412552,100178,-34.8037049,138.6306857,3.0,-94.2230530695
1566958043.49,-34.735551,138.6412719,99980,-34.8037049,138.6306857,3.0,-93.97158711
1566958043.53,-34.7355687,138.6412872,100217,-34.8037049,138.6306857,3.0,-94.2926941582
1566958043.59,-34.7355879,138.641304,99901,-34.8037049,138.6306857,3.0,-104.316453522
1566958043.63,-34.7356057,138.6413193,100183,-34.8037049,138.6306857,3.0,-94.0074526639
1566958043.7,-34.7356249,138.6413361,99952,-34.8037049,138.6306857,3.0,-97.5184721447
1566958043.75,-34.7356425,138.6413513,100138,-34.8037049,138.6306857,3.0,-94.2830747858
1566958043.82,-34.7356617,138.6413677,100036,-34.8037049,138.6306857,3.0,-96.3332141526
1566958043.86,-34.7356793,138.641383,100231,-34.8037049,138.6306857,3.0,-98.094338593
1566958043.93,-34.7356985,138.6413997,100056,-34.8037049,138.6306857,3.0,-93.8221825605
1566958043.97,-34.7357162,138.6414151,100147,-34.8037049,138.6306857,3.0,-98.6676054182
1566958044.04,-34.7357353,138.6414317,99932,-34.8037049,138.6306857,3.0,-94.7663372579
1566958044.09,-34.735753,138.6414471,100025,-34.8037049,138.6306857,3.0,-113.880365825
1566958044.15,-34.7357723,138.6414639,100132,-34.8037049,138.6306857,3.0,-93.8399941781
1566958044.19,-34.73579,138.6414792,100093,-34.8037049,138.6306857,3.0,-95.7442537978
1566958044.24,-34.7358091,138.6414959,99901,-34.8037049,138.6306857,3.0,-94.2895793611
1566958044.3,-34.7358268,138.6415113,99997,-34.8037049,138.6306857,3.0,-96.8836136634
1566958044.35,-34.7358459,138.641528,99847,-34.8037049,138.6306857,3.0,-95.117399756
1566958044.4,-34.7358636,138.6415432,100025,-34.8037049,138.6306857,3.0,-94.4551596976
1566958044.45,-34.7358828,138.6415597,100056,-34.8037049,138.6306857,3.0,-96.470654462
1566958044.51,-34.7359005,138.6415752,100107,-34.8037049,138.6306857,3.0,-103.268356743
1566958044.56,-34.7359196,138.6415918,99796,-34.8037049,138.6306857,3.0,-100.620905073
1566958044.6,-34.7359374,138.6416073,100121,-34.8037049,138.6306857,3.0,-99.288274173
1566958044.65,-34.7359566,138.6416238,99847,-34.8037049,138.6306857,3.0,-119.998520104
1566958044.7,-34.7359742,138.6416392,100113,-34.8037049,138.6306857,3.0,-95.995844245
1566958044.75,-34.7359934,138.6416559,100067,-34.8037049,138.6306857,3.0,-110.694011136
1566958044.81,-34.7360111,138.6416714,99669,-34.8037049,138.6306857,3.0,-97.3006845934
1566958044.85,-34.7360302,138.641688,99875,-34.8037049,138.6306857,3.0,-94.17366117
1566958044.91,-34.7360479,138.6417033,99906,-34.8037049,138.6306857,3.0,-116.064185105
1566958044.96,-34.7360672,138.6417201,99771,-34.8037049,138.6306857,3.0,-97.4164963111
1566958045.01,-34.7360849,138.6417354,99734,-34.8037049,138.6306857,3.0,-94.3441086925
1566958045.06,-34.736104,138.6417521,99935,-34.8037049,138.6306857,3.0,-98.5054991286
1566958045.12,-34.7361217,138.6417674,99870,-34.8037049,138.6306857,3.0,-96.0270960761
1566958045.17,-34.7361408,138.6417839,99915,-34.8037049,138.6306857,3.0,-93.7882399487
1566958045.22,-34.7361585,138.641799,99850,-34.8037049,138.6306857,3.0,-111.063546016
1566958045.27,-34.7361777,138.6418155,99991,-34.8037049,138.6306857,3.0,-109.078663369
1566958045.32,-34.7361954,138.6418306,100051,-34.8037049,138.6306857,3.0,-103.819626097
1566958045.36,-34.7362145,138.6418474,99861,-34.8037049,138.6306857,3.0,-123.419988317
1566958045.4,-34.7362323,138.6418627,99960,-34.8037049,138.6306857,3.0,-94.09904158
1566958045.45,-34.7362515,138.6418794,99901,-34.8037049,138.6306857,3.0,-116.01093753
1566958045.51,-34.7362691,138.6418948,100017,-34.8037049,138.6306857,3.0,-94.3622535571
1566958045.56,-34.7362883,138.6419115,99740,-34.8037049,138.6306857,3.0,-96.3239961622
1566958045.62,-34.736306,138.6419268,99779,-34.8037049,138.6306857,3.0,-93.8767692113
1566958045.67,-34.7363251,138.6419436,99731,-34.8037049,138.6306857,3.0,-99.0688486779
1566958045.73,-34.7363427,138.6419589,99847,-34.8037049,138.6306857,3.0,-97.5502522664
1566958045.78,-34.736362,138.6419756,99655,-34.8037049,138.6306857,3.0,-101.474671908
1566958045.84,-34.7363798,138.641991,99805,-34.8037049,138.6306857,3.0,-100.786672451
1566958045.89,-34.7363989,138.6420077,99991,-34.8037049,138.6306857,3.0,-96.1255412427
1566958045.95,-34.7364166,138.6420231,100096,-34.8037049,138.6306857,3.0,-96.6569327015
1566958046.01,-34.7364357,138.6420398,99765,-34.8037049,138.6306857,3.0,-97.1713856434
1566958046.05,-34.7364533,138.6420547,99881,-34.8037049,138.6306857,3.0,-99.7257285334
1566958046.11,-34.7364726,138.6420709,99805,-34.8037049,138.6306857,3.0,-96.6907277371
1566958046.16,-34.7364903,138.6420862,99740,-34.8037049,138.6306857,3.0,-97.384978247
1566958046.22,-34.7365093,138.6421024,99977,-34.8037049,138.6306857,3.0,-97.7063409748
1566958046.26,-34.7365272,138.6421174,99997,-34.8037049,138.6306857,3.0,-95.9168920158
1566958046.31,-34.7365464,138.6421336,99841,-34.8037049,138.6306857,3.0,-97.6640952314
1566958046.37,-34.736564,138.642149,100067,-34.8037049,138.6306857,3.0,-94.65494644
1566958046.42,-34.7365832,138.6421657,99776,-34.8037049,138.6306857,3.0,-94.0583166675
1566958046.47,-34.7366009,138.642181,100051,-34.8037049,138.6306857,3.0,-118.08292364
1566958046.53,-34.7366199,138.6421977,99706,-34.8037049,138.6306857,3.0,-94.9160152763
1566958046.58,-34.7366376,138.6422131,99824,-34.8037049,138.6306857,3.0,-112.093046454
1566958046.62,-34.7366569,138.6422294,100031,-34.8037049,138.6306857,3.0,-94.5433963738
1566958046.67,-34.7366746,138.6422446,100082,-34.8037049,138.6306857,3.0,-93.7108532689
1566958046.72,-34.7366938,138.6422608,99771,-34.8037049,138.6306857,3.0,-98.2293463727
1566958046.77,-34.7367115,138.6422758,99991,-34.8037049,138.6306857,3.0,-129.227688495
1566958046.82,-34.7367306,138.6422921,99751,-34.8037049,138.6306857,3.0,-93.7395356921
1566958046.88,-34.7367482,138.642307,99830,-34.8037049,138.6306857,3.0,-95.6809174073
1566958046.93,-34.7367675,138.6423232,100017,-34.8037049,138.6306857,3.0,-100.238014904
1566958046.99,-34.7367852,138.6423383,100070,-34.8037049,138.6306857,3.0,-112.580840341
1566958047.04,-34.7368042,138.6423546,99847,-34.8037049,138.6306857,3.0,-96.7781404665
1566958047.1,-34.7368219,138.6423696,99901,-34.8037049,138.6306857,3.0,-94.6204085229
1566958047.16,-34.7368412,138.6423859,99796,-34.8037049,138.6306857,3.0,-96.0990402586
1566958047.21,-34.7368589,138.6424008,99759,-34.8037049,138.6306857,3.0,-93.8887230937
1566958047.25,-34.7368781,138.6424171,99830,-34.8037049,138.6306857,3.0,-95.1482024164
1566958047.3,-34.7368958,138.6424321,99875,-34.8037049,138.6306857,3.0,-93.7261565927
1566958047.35,-34.7369148,138.6424484,99952,-34.8037049,138.6306857,3.0,-94.6366726165
1566958047.4,-34.7369325,138.6424634,100002,-34.8037049,138.6306857,3.0,-93.6807051297
1566958047.45,-34.7369518,138.6424796,100113,-34.8037049,138.6306857,3.0,-106.74758749
1566958047.48,-34.7369695,138.6424946,99940,-34.8037049,138.6306857,3.0,-94.7994798144
1566958047.54,-34.7369887,138.6425109,100022,-34.8037049,138.6306857,3.0,-93.9659006255
1566958047.59,-34.7370064,138.6425258,100161,-34.8037049,138.6306857,3.0,-93.7387827096
1566958047.64,-34.7370255,138.6425421,99977,-34.8037049,138.6306857,3.0,-94.3356764331
1566958047.69,-34.7370431,138.6425572,99830,-34.8037049,138.6306857,3.0,-98.6570719537
1566958047.76,-34.7370624,138.6425734,100096,-34.8037049,138.6306857,3.0,-93.8388722354
1566958047.81,-34.7370801,138.6425884,99935,-34.8037049,138.6306857,3.0,-114.25837266
1566958047.86,-34.7370991,138.6426046,100067,-34.8037049,138.6306857,3.0,-97.864727819
1566958047.91,-34.7371168,138.6426196,99861,-34.8037049,138.6306857,3.0,-95.0128175952
1566958047.98,-34.7371361,138.6426358,99960,-34.8037049,138.6306857,3.0,-102.683368188
1566958048.03,-34.7371538,138.6426509,100002,-34.8037049,138.6306857,3.0,-101.805828527
1566958048.08,-34.737173,138.6426672,99932,-34.8037049,138.6306857,3.0,-94.59642476
1566958048.12,-34.7371907,138.6426822,99952,-34.8037049,138.6306857,3.0,-100.873403228
1566958048.17,-34.7372097,138.6426984,99757,-34.8037049,138.6306857,3.0,-102.721163806
1566958048.23,-34.7372274,138.6427134,100002,-34.8037049,138.6306857,3.0,-136.559747409
1566958048.28,-34.7372467,138.6427297,100082,-34.8037049,138.6306857,3.0,-97.5050259921
1566958048.32,-34.7372643,138.6427446,100096,-34.8037049,138.6306857,3.0,-94.696104571
1566958048.39,-34.7372834,138.6427608,100132,-34.8037049,138.6306857,3.0,-94.4517863071
1566958048.43,-34.7373013,138.642776,99889,-34.8037049,138.6306857,3.0,-98.9485627656
1566958048.49,-34.7373204,138.6427922,100048,-34.8037049,138.6306857,3.0,-110.937432232
1566958048.54,-34.737338,138.6428072,99745,-34.8037049,138.6306857,3.0,-95.6014762415
1566958048.59,-34.7373573,138.6428235,100051,-34.8037049,138.6306857,3.0,-93.7715358717
1566958048.64,-34.7373749,138.6428384,99977,-34.8037049,138.6306857,3.0,-113.401394753
1566958048.7,-34.737394,138.6428546,99932,-34.8037049,138.6306857,3.0,-96.2971431092
1566958048.75,-34.7374117,138.6428697,99850,-34.8037049,138.6306857,3.0,-108.953630037
1566958048.81,-34.737431,138.642886,99932,-34.8037049,138.6306857,3.0,-95.3764252902
1566958048.84,-34.7374487,138.642901,100031,-34.8037049,138.6306857,3.0,-96.0631570136
1566958048.91,-34.7374679,138.6429172,99952,-34.8037049,138.6306857,3.0,-103.525992572
1566958048.95,-34.7374855,138.6429322,99841,-34.8037049,138.6306857,3.0,-105.530748061
1566958049.01,-34.7375046,138.6429485,100022,-34.8037049,138.6306857,3.0,-93.627971343
1566958049.06,-34.7375223,138.6429635,100025,-34.8037049,138.6306857,3.0,-97.8180883224
1566958049.12,-34.7375416,138.6429796,99779,-34.8037049,138.6306857,3.0,-97.4993501065
1566958049.16,-34.7375593,138.6429947,99847,-34.8037049,138.6306857,3.0,-95.7765457583
1566958049.22,-34.7375783,138.643011,100051,-34.8037049,138.6306857,3.0,-110.249919462
1566958049.26,-34.7375962,138.643026,99887,-34.8037049,138.6306857,3.0,-95.1204857037
1566958049.3,-34.7376153,138.6430423,100093,-34.8037049,138.6306857,3.0,-121.746646076
1566958049.35,-34.7376329,138.6430572,100152,-34.8037049,138.6306857,3.0,-114.647137702
1566958049.41,-34.7376522,138.6430734,99757,-34.8037049,138.6306857,3.0,-94.7748692263
1566958049.46,-34.7376699,138.6430885,100101,-34.8037049,138.6306857,3.0,-109.289411601
1566958049.52,-34.7376889,138.6431048,100147,-34.8037049,138.6306857,3.0,-97.404165843
1566958049.56,-34.7377066,138.6431194,99997,-34.8037049,138.6306857,3.0,-95.4312427768
1566958049.63,-34.7377259,138.6431352,100076,-34.8037049,138.6306857,3.0,-93.6073500358
1566958049.66,-34.7377436,138.6431499,99867,-34.8037049,138.6306857,3.0,-94.5334828155
1566958049.71,-34.7377628,138.6431658,100101,-34.8037049,138.6306857,3.0,-94.1721124042
1566958049.77,-34.7377805,138.6431804,100005,-34.8037049,138.6306857,3.0,-93.6396249642
1566958049.83,-34.7377995,138.6431963,100116,-34.8037049,138.6306857,3.0,-101.749148864
1566958049.89,-34.7378172,138.6432108,100051,-34.8037049,138.6306857,3.0,-94.4779000959
1566958049.94,-34.7378365,138.6432266,100138,-34.8037049,138.6306857,3.0,-111.43224133
1566958049.99,-34.7378541,138.6432413,99946,-34.8037049,138.6306857,3.0,-120.810067918
1566958050.05,-34.7378732,138.6432572,99875,-34.8037049,138.6306857,3.0,-93.6742514823
1566958050.1,-34.737891,138.6432717,100082,-34.8037049,138.6306857,3.0,-100.461495046
1566958050.15,-34.7379102,138.6432877,99946,-34.8037049,138.6306857,3.0,-100.706971005
1566958050.2,-34.7379278,138.6433022,99887,-34.8037049,138.6306857,3.0,-93.7345809402
1566958050.26,-34.7379471,138.643318,99887,-34.8037049,138.6306857,3.0,-96.2243933551
1566958050.31,-34.7379648,138.6433327,99802,-34.8037049,138.6306857,3.0,-119.97135401
1566958050.37,-34.7379844,138.6433486,99810,-34.8037049,138.6306857,3.0,-93.8851497651
1566958050.42,-34.7380033,138.6433631,99836,-34.8037049,138.6306857,3.0,-121.107498636
1566958050.48,-34.7380226,138.6433789,99771,-34.8037049,138.6306857,3.0,-93.6658578847
1566958050.53,-34.7380402,138.6433936,99935,-34.8037049,138.6306857,3.0,-96.4630526784
1566958050.59,-34.7380595,138.6434095,99822,-34.8037049,138.6306857,3.0,-95.8337349135
1566958050.64,-34.7380771,138.6434241,99986,-34.8037049,138.6306857,3.0,-105.390102077
1566958050.7,-34.7380962,138.64344,100011,-34.8037049,138.6306857,3.0,-93.5480360444
1566958050.73,-34.7381139,138.6434545,100017,-34.8037049,138.6306857,3.0,-100.601339086
1566958050.78,-34.738134,138.6434703,100166,-34.8037049,138.6306857,3.0,-105.362482511
1566958050.82,-34.7381531,138.643485,100147,-34.8037049,138.6306857,3.0,-128.866262983
1566958050.89,-34.7381734,138.6435009,99915,-34.8037049,138.6306857,3.0,-93.8726181469
1566958050.92,-34.738191,138.6435155,99906,-34.8037049,138.6306857,3.0,-96.7089965195
1566958050.99,-34.7382102,138.6435313,99977,-34.8037049,138.6306857,3.0,-102.871962684
1566958051.04,-34.738228,138.6435459,100212,-34.8037049,138.6306857,3.0,-106.625496557
1566958051.1,-34.738247,138.6435617,100178,-34.8037049,138.6306857,3.0,-99.1952476817
1566958051.15,-34.7382647,138.6435759,100036,-34.8037049,138.6306857,3.0,-93.7194171105
1566958051.19,-34.738284,138.6435913,100017,-34.8037049,138.6306857,3.0,-93.5298935301
1566958051.24,-34.7383016,138.6436057,99926,-34.8037049,138.6306857,3.0,-95.6983249903
1566958051.3,-34.7383207,138.6436216,100113,-34.8037049,138.6306857,3.0,-97.6227005594
1566958051.36,-34.7383388,138.6436362,100147,-34.8037049,138.6306857,3.0,-103.56181526
1566958051.41,-34.7383593,138.643652,100101,-34.8037049,138.6306857,3.0,-94.9781279199
1566958051.46,-34.7383783,138.6436666,100113,-34.8037049,138.6306857,3.0,-102.159329456
1566958051.52,-34.7383988,138.6436824,99932,-34.8037049,138.6306857,3.0,-95.1349718046
1566958051.57,-34.7384178,138.6436971,99906,-34.8037049,138.6306857,3.0,-95.2720016768
1566958051.63,-34.7384383,138.643713,99952,-34.8037049,138.6306857,3.0,-99.4316038495
1566958051.67,-34.7384567,138.6437276,100147,-34.8037049,138.6306857,3.0,-96.7014085665
1566958051.72,-34.7384759,138.6437434,100087,-34.8037049,138.6306857,3.0,-94.5047028625
1566958051.78,-34.7384936,138.643758,100042,-34.8037049,138.6306857,3.0,-104.018738987
1566958051.83,-34.7385127,138.6437738,99977,-34.8037049,138.6306857,3.0,-94.2223986514
1566958051.87,-34.7385304,138.6437885,99940,-34.8037049,138.6306857,3.0,-93.5383700228
1566958051.93,-34.7385497,138.6438043,99921,-34.8037049,138.6306857,3.0,-93.5855043831
1566958051.98,-34.7385673,138.6438186,100231,-34.8037049,138.6306857,3.0,-93.5040303805
1566958052.02,-34.738587,138.643834,99895,-34.8037049,138.6306857,3.0,-99.1549673585
1566958052.07,-34.7386061,138.6438485,100031,-34.8037049,138.6306857,3.0,-96.0888192597
1566958052.12,-34.7386265,138.6438643,100152,-34.8037049,138.6306857,3.0,-93.4920334544
1566958052.16,-34.7386456,138.6438786,100138,-34.8037049,138.6306857,3.0,-94.163835141
1566958052.22,-34.738666,138.6438942,100237,-34.8037049,138.6306857,3.0,-102.273266629
1566958052.25,-34.7386851,138.6439083,100062,-34.8037049,138.6306857,3.0,-94.4359676251
1566958052.3,-34.7387055,138.6439239,99926,-34.8037049,138.6306857,3.0,-106.98066729
1566958052.36,-34.7387243,138.643938,100082,-34.8037049,138.6306857,3.0,-97.6566280997
1566958052.42,-34.7387435,138.6439534,100152,-34.8037049,138.6306857,3.0,-94.5690639794
1566958052.46,-34.738762,138.6439677,99952,-34.8037049,138.6306857,3.0,-95.9903062022
1566958052.51,-34.7387826,138.643983,100138,-34.8037049,138.6306857,3.0,-98.0523107355
1566958052.55,-34.7388007,138.6439974,100022,-34.8037049,138.6306857,3.0,-95.5403666601
1566958052.61,-34.7388198,138.6440127,99906,-34.8037049,138.6306857,3.0,-94.3126608645
1566958052.66,-34.7388387,138.644027,100042,-34.8037049,138.6306857,3.0,-93.5689173342
1566958052.72,-34.7388593,138.6440424,100096,-34.8037049,138.6306857,3.0,-93.4720530096
1566958052.78,-34.7388782,138.6440567,100048,-34.8037049,138.6306857,3.0,-96.4536888272
1566958052.82,-34.7388987,138.6440721,100152,-34.8037049,138.6306857,3.0,-98.4751591078
1566958052.87,-34.7389167,138.6440863,100172,-34.8037049,138.6306857,3.0,-94.7021215722
1566958052.94,-34.7389372,138.6441017,100087,-34.8037049,138.6306857,3.0,-94.4751190514
1566958052.98,-34.7389561,138.644116,100217,-34.8037049,138.6306857,3.0,-93.4465367109
1566958053.05,-34.7389766,138.6441314,99921,-34.8037049,138.6306857,3.0,-95.1051727712
1566958053.09,-34.7389956,138.6441456,99906,-34.8037049,138.6306857,3.0,-93.6283760822
1566958053.15,-34.7390162,138.6441611,99867,-34.8037049,138.6306857,3.0,-95.2960272209
1566958053.21,-34.7390351,138.6441753,99971,-34.8037049,138.6306857,3.0,-99.5900337774
1566958053.25,-34.7390557,138.6441907,99850,-34.8037049,138.6306857,3.0,-95.8598566448
1566958053.29,-34.7390746,138.644205,99960,-34.8037049,138.6306857,3.0,-94.6429314576
1566958053.36,-34.7390952,138.6442204,100229,-34.8037049,138.6306857,3.0,-101.065581419
1566958053.4,-34.7391141,138.6442346,100002,-34.8037049,138.6306857,3.0,-93.4758728947
1566958053.46,-34.7391347,138.64425,99822,-34.8037049,138.6306857,3.0,-94.4883989658
1566958053.51,-34.7391536,138.6442643,99847,-34.8037049,138.6306857,3.0,-96.3450699833
1566958053.57,-34.7391742,138.6442797,99932,-34.8037049,138.6306857,3.0,-93.8072847751
1566958053.62,-34.7391931,138.644294,99991,-34.8037049,138.6306857,3.0,-93.8432396039
1566958053.68,-34.7392137,138.6443094,99881,-34.8037049,138.6306857,3.0,-94.0323219334
1566958053.73,-34.7392326,138.6443236,100031,-34.8037049,138.6306857,3.0,-95.4125623986
1566958053.76,-34.7392532,138.644339,100042,-34.8037049,138.6306857,3.0,-99.318179759
1566958053.8,-34.7392721,138.6443533,100017,-34.8037049,138.6306857,3.0,-99.1021799468
1566958053.85,-34.7392927,138.6443686,100132,-34.8037049,138.6306857,3.0,-101.787917572
1566958053.9,-34.7393116,138.6443828,99901,-34.8037049,138.6306857,3.0,-93.6539250955
1566958053.96,-34.7393322,138.6443983,100308,-34.8037049,138.6306857,3.0,-93.9242000817
1566958054.0,-34.739351,138.6444124,99901,-34.8037049,138.6306857,3.0,-108.632194956
1566958054.07,-34.7393707,138.6444278,100062,-34.8037049,138.6306857,3.0,-95.4164912119
1566958054.12,-34.7393896,138.6444421,100302,-34.8037049,138.6306857,3.0,-93.4646153021
1566958054.17,-34.7394102,138.6444575,100274,-34.8037049,138.6306857,3.0,-93.4707519299
1566958054.21,-34.7394291,138.6444718,99867,-34.8037049,138.6306857,3.0,-103.591844744
1566958054.26,-34.7394497,138.6444871,100025,-34.8037049,138.6306857,3.0,-102.14898454
1566958054.3,-34.7394686,138.6445015,100251,-34.8037049,138.6306857,3.0,-101.852883692
1566958054.35,-34.7394892,138.6445168,100048,-34.8037049,138.6306857,3.0,-114.245887463
1566958054.4,-34.7395081,138.6445312,99887,-34.8037049,138.6306857,3.0,-93.7552648434
1566958054.45,-34.7395287,138.6445465,99926,-34.8037049,138.6306857,3.0,-97.8005905287
1566958054.5,-34.7395476,138.6445608,99932,-34.8037049,138.6306857,3.0,-93.6590730422
