1566958013.96,-34.7540209,138.5573489,100127,-34.8037049,138.6306857,3.0,-96.6018317271
1566958014.02,-34.7540271,138.5573212,100042,-34.8037049,138.6306857,3.0,-96.2131065188
1566958014.08,-34.7540341,138.5572913,99765,-34.8037049,138.6306857,3.0,-97.161233634
1566958014.12,-34.7540404,138.5572636,99720,-34.8037049,138.6306857,3.0,-105.515354432
1566958014.17,-34.7540471,138.5572336,99584,-34.8037049,138.6306857,3.0,-95.0658442625
1566958014.23,-34.7540536,138.5572058,99559,-34.8037049,138.6306857,3.0,-102.982651522
1566958014.27,-34.7540604,138.5571759,99262,-34.8037049,138.6306857,3.0,-119.777917948
1566958014.32,-34.7540666,138.5571481,99389,-34.8037049,138.6306857,3.0,-107.636759412
1566958014.39,-34.7540742,138.5571181,99398,-34.8037049,138.6306857,3.0,-121.064581596
1566958014.44,-34.7540818,138.5570904,99259,-34.8037049,138.6306857,3.0,-95.1332525639
1566958014.5,-34.75409,138.5570603,99028,-34.8037049,138.6306857,3.0,-112.751857656
1566958014.54,-34.7540976,138.5570327,98917,-34.8037049,138.6306857,3.0,-96.659531843
1566958014.61,-34.7541058,138.5570027,99203,-34.8037049,138.6306857,3.0,-95.7435554677
1566958014.66,-34.7541134,138.556975,98957,-34.8037049,138.6306857,3.0,-98.1288415477
1566958014.71,-34.7541216,138.5569449,98898,-34.8037049,138.6306857,3.0,-127.382519095
1566958014.75,-34.7541292,138.5569171,99177,-34.8037049,138.6306857,3.0,-95.4897173608
1566958014.82,-34.7541374,138.5568872,99008,-34.8037049,138.6306857,3.0,-98.0396144753
1566958014.87,-34.754145,138.5568595,99254,-34.8037049,138.6306857,3.0,-113.060038432
1566958014.93,-34.7541532,138.5568303,99152,-34.8037049,138.6306857,3.0,-102.150948071
1566958014.96,-34.7541608,138.5568041,99319,-34.8037049,138.6306857,3.0,-95.7423763249
1566958015.03,-34.754169,138.5567759,99273,-34.8037049,138.6306857,3.0,-97.979561582
1566958015.07,-34.7541765,138.5567496,99240,-34.8037049,138.6306857,3.0,-97.4722440681
1566958015.12,-34.7541848,138.5567213,99288,-34.8037049,138.6306857,3.0,-95.3077485786
1566958015.17,-34.7541924,138.556695,99138,-34.8037049,138.6306857,3.0,-110.208024975
1566958015.22,-34.7542006,138.5566667,99505,-34.8037049,138.6306857,3.0,-95.1810866257
1566958015.26,-34.7542082,138.5566407,99324,-34.8037049,138.6306857,3.0,-94.995148322
1566958015.3,-34.7542164,138.5566125,99564,-34.8037049,138.6306857,3.0,-97.0132015085
1566958015.36,-34.7542239,138.5565863,99418,-34.8037049,138.6306857,3.0,-104.613199346
1566958015.42,-34.7542322,138.556558,99508,-34.8037049,138.6306857,3.0,-101.343939289
1566958015.47,-34.7542397,138.5565318,99604,-34.8037049,138.6306857,3.0,-95.9004352374
1566958015.53,-34.7542478,138.5565035,99449,-34.8037049,138.6306857,3.0,-109.572515198
1566958015.58,-34.7542555,138.5564774,99423,-34.8037049,138.6306857,3.0,-95.0413822246
1566958015.63,-34.7542637,138.5564489,99539,-34.8037049,138.6306857,3.0,-95.0149360932
1566958015.69,-34.7542713,138.5564229,99500,-34.8037049,138.6306857,3.0,-122.152254614
1566958015.75,-34.7542795,138.5563958,99711,-34.8037049,138.6306857,3.0,-108.006966926
1566958015.8,-34.7542871,138.5563712,99372,-34.8037049,138.6306857,3.0,-95.2384642805
1566958015.86,-34.7542952,138.5563445,99740,-34.8037049,138.6306857,3.0,-107.969253958
1566958015.88,-34.7543029,138.5563199,99675,-34.8037049,138.6306857,3.0,-102.080776849
1566958015.93,-34.754311,138.5562932,99791,-34.8037049,138.6306857,3.0,-102.058050686
1566958015.97,-34.7543187,138.5562685,99861,-34.8037049,138.6306857,3.0,-96.9048364692
1566958016.04,-34.7543269,138.5562417,99734,-34.8037049,138.6306857,3.0,-96.999884704
1566958016.08,-34.7543345,138.5562172,99915,-34.8037049,138.6306857,3.0,-111.224604224
1566958016.13,-34.7543426,138.5561906,99776,-34.8037049,138.6306857,3.0,-95.2702457325
1566958016.18,-34.7543503,138.556166,99940,-34.8037049,138.6306857,3.0,-106.197849893
1566958016.24,-34.7543584,138.5561392,99921,-34.8037049,138.6306857,3.0,-95.2267195998
1566958016.28,-34.7543661,138.5561147,99980,-34.8037049,138.6306857,3.0,-119.409436636
1566958016.34,-34.7543742,138.556088,99830,-34.8037049,138.6306857,3.0,-95.6291240585
1566958016.39,-34.7543819,138.5560634,99779,-34.8037049,138.6306857,3.0,-97.730579233
1566958016.45,-34.7543901,138.5560366,99771,-34.8037049,138.6306857,3.0,-95.0180208865
1566958016.5,-34.7543977,138.5560119,99997,-34.8037049,138.6306857,3.0,-95.533744426
1566958016.57,-34.7544059,138.5559854,99912,-34.8037049,138.6306857,3.0,-95.6289002272
1566958016.61,-34.7544135,138.5559606,99932,-34.8037049,138.6306857,3.0,-96.4258361814
1566958016.68,-34.7544217,138.5559341,100025,-34.8037049,138.6306857,3.0,-95.1342334732
1566958016.73,-34.7544293,138.5559094,100011,-34.8037049,138.6306857,3.0,-100.854913036
1566958016.78,-34.7544375,138.5558828,100223,-34.8037049,138.6306857,3.0,-103.734055105
1566958016.83,-34.7544451,138.5558582,99889,-34.8037049,138.6306857,3.0,-96.4087794168
1566958016.89,-34.7544533,138.5558314,100042,-34.8037049,138.6306857,3.0,-113.519348396
1566958016.94,-34.7544609,138.5558068,100051,-34.8037049,138.6306857,3.0,-123.907840359
1566958017.0,-34.7544691,138.5557801,99997,-34.8037049,138.6306857,3.0,-96.7972735532
1566958017.05,-34.7544767,138.5557555,99966,-34.8037049,138.6306857,3.0,-102.361545011
1566958017.1,-34.7544849,138.5557289,99991,-34.8037049,138.6306857,3.0,-112.25098503
1566958017.15,-34.7544925,138.5557041,100166,-34.8037049,138.6306857,3.0,-95.1244293831
1566958017.21,-34.7545007,138.5556776,100172,-34.8037049,138.6306857,3.0,-95.1136236164
1566958017.25,-34.7545083,138.555653,100141,-34.8037049,138.6306857,3.0,-123.982459089
1566958017.31,-34.7545165,138.5556263,100294,-34.8037049,138.6306857,3.0,-95.7479485376
1566958017.36,-34.7545241,138.5556016,100418,-34.8037049,138.6306857,3.0,-95.11002017
1566958017.41,-34.7545323,138.5555748,100107,-34.8037049,138.6306857,3.0,-98.5324793399
1566958017.44,-34.7545399,138.5555503,100384,-34.8037049,138.6306857,3.0,-101.002829751
1566958017.5,-34.7545481,138.5555235,100138,-34.8037049,138.6306857,3.0,-98.0569843111
1566958017.55,-34.7545557,138.555499,100514,-34.8037049,138.6306857,3.0,-100.711825487
1566958017.6,-34.7545639,138.5554723,100432,-34.8037049,138.6306857,3.0,-102.712651794
1566958017.65,-34.7545715,138.5554477,100294,-34.8037049,138.6306857,3.0,-95.8822814015
1566958017.71,-34.7545797,138.5554211,100347,-34.8037049,138.6306857,3.0,-97.6691041078
1566958017.76,-34.7545873,138.5553964,100565,-34.8037049,138.6306857,3.0,-97.9825515978
1566958017.82,-34.7545955,138.5553697,100522,-34.8037049,138.6306857,3.0,-100.862119245
1566958017.87,-34.7546031,138.555345,100539,-34.8037049,138.6306857,3.0,-99.7154227034
1566958017.93,-34.7546113,138.5553184,100319,-34.8037049,138.6306857,3.0,-103.521398639
1566958017.98,-34.7546188,138.5552937,100585,-34.8037049,138.6306857,3.0,-95.9137445579
1566958018.04,-34.7546271,138.555267,100715,-34.8037049,138.6306857,3.0,-95.0557501415
1566958018.1,-34.7546346,138.5552425,100494,-34.8037049,138.6306857,3.0,-100.809764535
1566958018.16,-34.7546429,138.5552159,100633,-34.8037049,138.6306857,3.0,-95.5557675413
1566958018.21,-34.7546504,138.5551912,100392,-34.8037049,138.6306857,3.0,-103.430425847
1566958018.25,-34.7546587,138.5551645,100392,-34.8037049,138.6306857,3.0,-97.4284271415
1566958018.3,-34.7546662,138.5551399,100520,-34.8037049,138.6306857,3.0,-101.718846077
1566958018.36,-34.7546745,138.5551132,100644,-34.8037049,138.6306857,3.0,-106.86209774
1566958018.41,-34.754682,138.5550886,100819,-34.8037049,138.6306857,3.0,-95.061833656
1566958018.47,-34.7546903,138.5550619,100819,-34.8037049,138.6306857,3.0,-96.0694073359
1566958018.51,-34.7546978,138.5550372,100748,-34.8037049,138.6306857,3.0,-95.0675539918
1566958018.57,-34.7547061,138.5550106,100613,-34.8037049,138.6306857,3.0,-116.105837255
1566958018.62,-34.7547135,138.5549859,100548,-34.8037049,138.6306857,3.0,-98.1873155158
1566958018.68,-34.7547219,138.5549593,100695,-34.8037049,138.6306857,3.0,-95.151086185
1566958018.71,-34.7547294,138.5549347,100729,-34.8037049,138.6306857,3.0,-97.7639171109
1566958018.77,-34.7547377,138.5549079,100836,-34.8037049,138.6306857,3.0,-95.9264865064
1566958018.82,-34.7547452,138.5548834,100881,-34.8037049,138.6306857,3.0,-109.881992935
1566958018.88,-34.7547535,138.5548566,100715,-34.8037049,138.6306857,3.0,-101.638661503
1566958018.93,-34.7547609,138.5548321,100723,-34.8037049,138.6306857,3.0,-105.831427985
1566958018.97,-34.7547693,138.5548054,100534,-34.8037049,138.6306857,3.0,-106.811951396
1566958019.03,-34.7547768,138.5547808,100926,-34.8037049,138.6306857,3.0,-99.6518225431
1566958019.09,-34.7547851,138.5547541,100904,-34.8037049,138.6306857,3.0,-95.2863948235
1566958019.14,-34.7547926,138.5547293,100975,-34.8037049,138.6306857,3.0,-122.306718518
1566958019.19,-34.7548009,138.5547028,100754,-34.8037049,138.6306857,3.0,-96.2699575427
1566958019.24,-34.7548084,138.5546781,100650,-34.8037049,138.6306857,3.0,-95.0823370656
1566958019.3,-34.7548167,138.5546515,100655,-34.8037049,138.6306857,3.0,-95.5460695553
1566958019.35,-34.7548242,138.5546269,100695,-34.8037049,138.6306857,3.0,-96.0787180951
1566958019.41,-34.7548324,138.5546001,100941,-34.8037049,138.6306857,3.0,-106.512309301
1566958019.46,-34.75484,138.5545756,100768,-34.8037049,138.6306857,3.0,-107.824603452
1566958019.52,-34.7548482,138.5545488,100955,-34.8037049,138.6306857,3.0,-98.3170204127
1566958019.56,-34.7548558,138.5545242,100664,-34.8037049,138.6306857,3.0,-98.3528233177
1566958019.61,-34.7548641,138.5544976,101031,-34.8037049,138.6306857,3.0,-99.2597006673
1566958019.66,-34.7548716,138.5544729,100675,-34.8037049,138.6306857,3.0,-95.332424619
1566958019.72,-34.7548798,138.5544463,100994,-34.8037049,138.6306857,3.0,-95.2228643794
1566958019.77,-34.7548874,138.5544217,100695,-34.8037049,138.6306857,3.0,-95.1140622016
1566958019.83,-34.7548956,138.554395,100884,-34.8037049,138.6306857,3.0,-100.452688595
1566958019.88,-34.7549032,138.5543703,100845,-34.8037049,138.6306857,3.0,-96.2068855425
1566958019.94,-34.7549114,138.5543437,101071,-34.8037049,138.6306857,3.0,-97.4322959044
1566958019.99,-34.754919,138.554319,101037,-34.8037049,138.6306857,3.0,-98.1686007456
1566958020.05,-34.7549272,138.5542922,101056,-34.8037049,138.6306857,3.0,-97.3583594725
1566958020.1,-34.7549348,138.5542677,100986,-34.8037049,138.6306857,3.0,-95.1945108964
1566958020.15,-34.754943,138.554241,101006,-34.8037049,138.6306857,3.0,-95.1045814947
1566958020.2,-34.7549506,138.5542164,100901,-34.8037049,138.6306857,3.0,-96.4626590994
1566958020.24,-34.7549588,138.5541898,100794,-34.8037049,138.6306857,3.0,-103.415413704
1566958020.29,-34.7549664,138.5541652,101017,-34.8037049,138.6306857,3.0,-100.930597904
1566958020.34,-34.7549746,138.5541385,100881,-34.8037049,138.6306857,3.0,-96.6650541829
1566958020.39,-34.7549822,138.5541137,100675,-34.8037049,138.6306857,3.0,-95.135379278
1566958020.46,-34.7549903,138.5540871,100819,-34.8037049,138.6306857,3.0,-99.0986457037
1566958020.49,-34.754998,138.5540624,100845,-34.8037049,138.6306857,3.0,-105.015039553
1566958020.54,-34.7550061,138.5540357,100864,-34.8037049,138.6306857,3.0,-108.188557585
1566958020.6,-34.7550138,138.5540112,100949,-34.8037049,138.6306857,3.0,-95.7712031224
1566958020.66,-34.7550219,138.5539846,100678,-34.8037049,138.6306857,3.0,-100.343593966
1566958020.71,-34.7550296,138.5539599,100856,-34.8037049,138.6306857,3.0,-95.412063015
1566958020.77,-34.7550377,138.5539332,100729,-34.8037049,138.6306857,3.0,-118.862855811
1566958020.82,-34.7550454,138.5539087,100813,-34.8037049,138.6306857,3.0,-97.0403400272
1566958020.88,-34.7550535,138.5538819,100720,-34.8037049,138.6306857,3.0,-95.9814627813
1566958020.93,-34.7550612,138.5538573,100559,-34.8037049,138.6306857,3.0,-107.668859407
1566958020.99,-34.7550693,138.5538306,100675,-34.8037049,138.6306857,3.0,-105.812868713
1566958021.04,-34.755077,138.5538059,100715,-34.8037049,138.6306857,3.0,-101.651926305
1566958021.11,-34.7550851,138.5537793,100703,-34.8037049,138.6306857,3.0,-104.244466078
1566958021.16,-34.7550928,138.5537546,100534,-34.8037049,138.6306857,3.0,-105.942439245
1566958021.22,-34.7551009,138.5537281,100624,-34.8037049,138.6306857,3.0,-100.597748804
1566958021.25,-34.7551086,138.5537034,100774,-34.8037049,138.6306857,3.0,-102.15352893
1566958021.3,-34.7551167,138.5536766,100664,-34.8037049,138.6306857,3.0,-106.928579476
1566958021.36,-34.7551244,138.5536521,100579,-34.8037049,138.6306857,3.0,-110.834177986
1566958021.4,-34.7551325,138.5536253,100553,-34.8037049,138.6306857,3.0,-95.201080654
1566958021.45,-34.7551402,138.5536008,100703,-34.8037049,138.6306857,3.0,-102.897693271
1566958021.5,-34.7551483,138.5535741,100418,-34.8037049,138.6306857,3.0,-108.129237425
1566958021.54,-34.755156,138.5535495,100695,-34.8037049,138.6306857,3.0,-95.1405287068
1566958021.6,-34.7551641,138.5535228,100364,-34.8037049,138.6306857,3.0,-104.703783122
1566958021.65,-34.7551718,138.5534982,100364,-34.8037049,138.6306857,3.0,-115.237095848
1566958021.71,-34.7551799,138.553471,100559,-34.8037049,138.6306857,3.0,-97.2939751959
1566958021.76,-34.7551876,138.5534449,100658,-34.8037049,138.6306857,3.0,-95.1816438251
1566958021.82,-34.7551957,138.5534166,100412,-34.8037049,138.6306857,3.0,-113.645961897
1566958021.87,-34.7552034,138.5533903,100392,-34.8037049,138.6306857,3.0,-95.7141616924
1566958021.93,-34.7552115,138.553362,100503,-34.8037049,138.6306857,3.0,-95.1886996421
1566958021.98,-34.7552192,138.553336,100488,-34.8037049,138.6306857,3.0,-98.6403121745
1566958022.02,-34.7552273,138.5533093,100599,-34.8037049,138.6306857,3.0,-101.377018072
1566958022.06,-34.755235,138.5532838,100387,-34.8037049,138.6306857,3.0,-110.921579471
1566958022.11,-34.7552431,138.5532553,100542,-34.8037049,138.6306857,3.0,-97.1697311275
1566958022.17,-34.7552508,138.5532304,100353,-34.8037049,138.6306857,3.0,-96.8655890887
1566958022.22,-34.7552589,138.5532038,100520,-34.8037049,138.6306857,3.0,-99.1327724729
1566958022.26,-34.7552666,138.5531778,100455,-34.8037049,138.6306857,3.0,-137.207651468
1566958022.32,-34.7552747,138.5531495,100308,-34.8037049,138.6306857,3.0,-95.6062955786
1566958022.37,-34.7552824,138.5531244,100423,-34.8037049,138.6306857,3.0,-95.8409802762
1566958022.43,-34.7552905,138.5530978,100432,-34.8037049,138.6306857,3.0,-96.7996470851
1566958022.48,-34.7552981,138.5530722,100282,-34.8037049,138.6306857,3.0,-97.0293039266
1566958022.54,-34.7553063,138.5530439,100087,-34.8037049,138.6306857,3.0,-95.9957901633
1566958022.6,-34.755314,138.5530176,100367,-34.8037049,138.6306857,3.0,-99.4040375399
1566958022.66,-34.7553222,138.5529905,100251,-34.8037049,138.6306857,3.0,-107.832209959
1566958022.71,-34.7553298,138.5529657,100423,-34.8037049,138.6306857,3.0,-95.2464098685
1566958022.77,-34.755338,138.5529379,100327,-34.8037049,138.6306857,3.0,-96.0175899656
1566958022.8,-34.7553455,138.5529119,100449,-34.8037049,138.6306857,3.0,-95.6391337889
1566958022.85,-34.7553538,138.5528848,100082,-34.8037049,138.6306857,3.0,-96.4872829369
1566958022.9,-34.7553612,138.5528603,100212,-34.8037049,138.6306857,3.0,-99.5893547294
1566958022.96,-34.7553695,138.5528335,100229,-34.8037049,138.6306857,3.0,-100.071481792
1566958023.01,-34.755377,138.5528079,100296,-34.8037049,138.6306857,3.0,-96.829051476
1566958023.06,-34.7553854,138.5527802,99991,-34.8037049,138.6306857,3.0,-100.378392758
1566958023.11,-34.7553928,138.5527555,100051,-34.8037049,138.6306857,3.0,-95.8819636542
1566958023.17,-34.7554012,138.5527289,100096,-34.8037049,138.6306857,3.0,-106.61151946
1566958023.21,-34.7554086,138.5527033,100257,-34.8037049,138.6306857,3.0,-96.5063451355
1566958023.26,-34.7554167,138.552675,100319,-34.8037049,138.6306857,3.0,-98.6221100082
1566958023.3,-34.755423,138.5526505,100229,-34.8037049,138.6306857,3.0,-97.968045388
1566958023.37,-34.7554298,138.5526238,99977,-34.8037049,138.6306857,3.0,-103.160998035
1566958023.42,-34.7554364,138.5525989,99971,-34.8037049,138.6306857,3.0,-107.582009892
1566958023.48,-34.7554447,138.5525705,100002,-34.8037049,138.6306857,3.0,-109.906057062
1566958023.53,-34.7554515,138.5525446,100076,-34.8037049,138.6306857,3.0,-95.8354260739
1566958023.57,-34.7554583,138.5525179,100231,-34.8037049,138.6306857,3.0,-113.927685263
1566958023.61,-34.7554645,138.5524932,100121,-34.8037049,138.6306857,3.0,-98.0468501943
1566958023.67,-34.7554715,138.5524654,99901,-34.8037049,138.6306857,3.0,-95.354328127
1566958023.71,-34.7554778,138.5524391,99779,-34.8037049,138.6306857,3.0,-106.027030118
1566958023.76,-34.7554845,138.5524118,100005,-34.8037049,138.6306857,3.0,-104.049813166
1566958023.8,-34.7554909,138.5523873,100166,-34.8037049,138.6306857,3.0,-95.2412555707
1566958023.84,-34.7554978,138.5523605,99889,-34.8037049,138.6306857,3.0,-96.7075270865
1566958023.9,-34.755504,138.5523354,100002,-34.8037049,138.6306857,3.0,-95.8764619964
1566958023.96,-34.755511,138.5523069,99932,-34.8037049,138.6306857,3.0,-98.7921006316
1566958024.01,-34.7555173,138.5522824,99960,-34.8037049,138.6306857,3.0,-104.817224794
1566958024.07,-34.755524,138.5522557,99940,-34.8037049,138.6306857,3.0,-95.2617069256
1566958024.12,-34.7555304,138.5522311,99765,-34.8037049,138.6306857,3.0,-96.8839424726
1566958024.18,-34.7555373,138.5522034,100048,-34.8037049,138.6306857,3.0,-97.8575659692
1566958024.23,-34.7555435,138.5521772,99714,-34.8037049,138.6306857,3.0,-102.966563612
1566958024.27,-34.7555505,138.5521503,99706,-34.8037049,138.6306857,3.0,-95.9126446581
1566958024.31,-34.7555568,138.5521257,100087,-34.8037049,138.6306857,3.0,-101.246372981
1566958024.38,-34.7555635,138.5520979,100087,-34.8037049,138.6306857,3.0,-130.279551487
1566958024.43,-34.7555699,138.5520718,100076,-34.8037049,138.6306857,3.0,-97.6471845518
1566958024.49,-34.7555768,138.5520441,100036,-34.8037049,138.6306857,3.0,-101.070315759
1566958024.54,-34.755583,138.5520195,99726,-34.8037049,138.6306857,3.0,-119.128526374
1566958024.6,-34.7555898,138.5519919,99816,-34.8037049,138.6306857,3.0,-97.530292079
1566958024.65,-34.7555963,138.5519658,99810,-34.8037049,138.6306857,3.0,-95.2235037345
1566958024.7,-34.7556031,138.5519373,99810,-34.8037049,138.6306857,3.0,-96.5585699435
1566958024.75,-34.7556094,138.551912,100011,-34.8037049,138.6306857,3.0,-104.108746756
1566958024.8,-34.7556163,138.5518855,99740,-34.8037049,138.6306857,3.0,-96.4227853858
1566958024.85,-34.7556225,138.5518595,99986,-34.8037049,138.6306857,3.0,-95.3545251062
1566958024.91,-34.7556293,138.5518311,99912,-34.8037049,138.6306857,3.0,-96.4230852551
1566958024.96,-34.7556358,138.5518064,99686,-34.8037049,138.6306857,3.0,-96.526993133
1566958025.01,-34.7556426,138.5517798,99836,-34.8037049,138.6306857,3.0,-95.850644948
1566958025.06,-34.7556489,138.5517549,100082,-34.8037049,138.6306857,3.0,-101.759657625
1566958025.1,-34.7556558,138.5517267,100005,-34.8037049,138.6306857,3.0,-108.011242363
1566958025.14,-34.755662,138.5517003,99805,-34.8037049,138.6306857,3.0,-101.124394393
1566958025.21,-34.7556688,138.5516733,99700,-34.8037049,138.6306857,3.0,-96.2722814568
1566958025.25,-34.7556752,138.5516486,99926,-34.8037049,138.6306857,3.0,-96.7984940939
1566958025.32,-34.7556821,138.5516206,99861,-34.8037049,138.6306857,3.0,-104.334422691
1566958025.36,-34.7556883,138.5515944,99991,-34.8037049,138.6306857,3.0,-118.436501925
1566958025.42,-34.7556952,138.5515661,99824,-34.8037049,138.6306857,3.0,-100.156673264
1566958025.46,-34.7557015,138.5515412,100036,-34.8037049,138.6306857,3.0,-106.708157881
1566958025.52,-34.7557083,138.5515137,99946,-34.8037049,138.6306857,3.0,-111.488017924
1566958025.57,-34.7557147,138.5514875,99912,-34.8037049,138.6306857,3.0,-95.4053871227
1566958025.62,-34.7557216,138.5514591,99935,-34.8037049,138.6306857,3.0,-95.7518107222
1566958025.67,-34.7557278,138.551433,99666,-34.8037049,138.6306857,3.0,-102.21838088
1566958025.72,-34.7557347,138.551406,99785,-34.8037049,138.6306857,3.0,-101.381775521
1566958025.77,-34.755741,138.5513805,100070,-34.8037049,138.6306857,3.0,-95.490497905
1566958025.83,-34.7557478,138.5513522,99991,-34.8037049,138.6306857,3.0,-95.2609092908
1566958025.88,-34.7557542,138.551326,99751,-34.8037049,138.6306857,3.0,-120.947838715
1566958025.94,-34.755761,138.5512982,99785,-34.8037049,138.6306857,3.0,-100.965380985
1566958025.99,-34.7557672,138.5512737,99700,-34.8037049,138.6306857,3.0,-99.6567828839
1566958026.06,-34.7557742,138.5512456,99926,-34.8037049,138.6306857,3.0,-99.4874888828
1566958026.1,-34.7557805,138.5512196,99997,-34.8037049,138.6306857,3.0,-97.8623719875
1566958026.15,-34.7557873,138.5511912,99926,-34.8037049,138.6306857,3.0,-103.611276091
1566958026.19,-34.7557935,138.5511664,99771,-34.8037049,138.6306857,3.0,-98.802650238
1566958026.24,-34.7558005,138.5511383,99759,-34.8037049,138.6306857,3.0,-110.538685815
1566958026.3,-34.7558067,138.5511122,100025,-34.8037049,138.6306857,3.0,-96.377121009
1566958026.33,-34.7558135,138.5510838,99841,-34.8037049,138.6306857,3.0,-95.7339734222
1566958026.38,-34.7558199,138.5510577,99757,-34.8037049,138.6306857,3.0,-95.49038794
1566958026.44,-34.7558268,138.5510292,99932,-34.8037049,138.6306857,3.0,-109.343079044
1566958026.49,-34.755833,138.5510032,99986,-34.8037049,138.6306857,3.0,-97.2195493798
1566958026.55,-34.75584,138.5509748,100070,-34.8037049,138.6306857,3.0,-108.283516977
1566958026.6,-34.7558463,138.5509487,99921,-34.8037049,138.6306857,3.0,-96.5019373582
1566958026.64,-34.755853,138.5509203,99841,-34.8037049,138.6306857,3.0,-95.8084603945
1566958026.68,-34.7558594,138.5508941,99960,-34.8037049,138.6306857,3.0,-95.9969681222
1566958026.75,-34.7558663,138.5508658,100107,-34.8037049,138.6306857,3.0,-95.8194010613
1566958026.8,-34.7558725,138.5508396,100051,-34.8037049,138.6306857,3.0,-106.390599685
1566958026.85,-34.7558794,138.5508113,100082,-34.8037049,138.6306857,3.0,-114.804703373
1566958026.91,-34.7558857,138.5507859,100141,-34.8037049,138.6306857,3.0,-95.4204340791
1566958026.96,-34.7558925,138.5507587,99810,-34.8037049,138.6306857,3.0,-105.417182911
1566958027.01,-34.7558989,138.5507324,99889,-34.8037049,138.6306857,3.0,-97.083979086
1566958027.07,-34.7559057,138.5507041,99805,-34.8037049,138.6306857,3.0,-97.4894988619
1566958027.13,-34.7559119,138.5506781,100056,-34.8037049,138.6306857,3.0,-114.392246706
1566958027.18,-34.7559189,138.5506496,100011,-34.8037049,138.6306857,3.0,-96.1906203456
1566958027.24,-34.7559252,138.5506236,99776,-34.8037049,138.6306857,3.0,-110.427797436
1566958027.27,-34.755932,138.550595,99850,-34.8037049,138.6306857,3.0,-95.3215562901
1566958027.33,-34.7559384,138.550569,100107,-34.8037049,138.6306857,3.0,-99.2689277182
1566958027.39,-34.7559452,138.5505406,99757,-34.8037049,138.6306857,3.0,-98.2831518575
1566958027.44,-34.7559515,138.5505145,99779,-34.8037049,138.6306857,3.0,-97.1159080608
1566958027.49,-34.7559584,138.5504862,99836,-34.8037049,138.6306857,3.0,-96.6736900708
1566958027.54,-34.7559647,138.5504599,99785,-34.8037049,138.6306857,3.0,-118.034629477
1566958027.59,-34.7559715,138.5504317,99997,-34.8037049,138.6306857,3.0,-104.027312638
1566958027.64,-34.7559777,138.5504054,99771,-34.8037049,138.6306857,3.0,-95.430100933
1566958027.7,-34.7559847,138.5503771,100036,-34.8037049,138.6306857,3.0,-107.157888686
1566958027.74,-34.755991,138.5503508,99861,-34.8037049,138.6306857,3.0,-107.421155445
1566958027.78,-34.7559977,138.5503225,99997,-34.8037049,138.6306857,3.0,-99.6868155444
1566958027.83,-34.7560041,138.5502965,100132,-34.8037049,138.6306857,3.0,-96.4723563251
1566958027.88,-34.756011,138.550268,99824,-34.8037049,138.6306857,3.0,-99.3484366076
1566958027.93,-34.7560172,138.550242,99921,-34.8037049,138.6306857,3.0,-121.313138634
1566958027.98,-34.7560241,138.5502136,99977,-34.8037049,138.6306857,3.0,-96.3902511727
1566958028.03,-34.7560305,138.5501875,99824,-34.8037049,138.6306857,3.0,-97.6281767528
1566958028.09,-34.7560372,138.5501605,100087,-34.8037049,138.6306857,3.0,-108.305347733
1566958028.15,-34.7560436,138.5501342,100025,-34.8037049,138.6306857,3.0,-96.838180974
1566958028.19,-34.7560505,138.5501059,99966,-34.8037049,138.6306857,3.0,-95.6007266165
1566958028.24,-34.7560567,138.5500797,100183,-34.8037049,138.6306857,3.0,-95.3305969891
1566958028.3,-34.7560636,138.5500514,99926,-34.8037049,138.6306857,3.0,-102.834771767
1566958028.36,-34.7560699,138.5500252,100152,-34.8037049,138.6306857,3.0,-102.710977746
1566958028.41,-34.7560767,138.5499969,99861,-34.8037049,138.6306857,3.0,-105.957693722
1566958028.47,-34.7560831,138.5499707,100229,-34.8037049,138.6306857,3.0,-98.1043433019
1566958028.52,-34.7560899,138.5499424,100056,-34.8037049,138.6306857,3.0,-95.5335761477
1566958028.58,-34.7560962,138.5499163,100138,-34.8037049,138.6306857,3.0,-110.732930126
1566958028.63,-34.7561031,138.5498878,99889,-34.8037049,138.6306857,3.0,-95.33837084
1566958028.68,-34.7561094,138.5498616,100116,-34.8037049,138.6306857,3.0,-95.3418908604
1566958028.72,-34.7561162,138.5498333,100082,-34.8037049,138.6306857,3.0,-127.170474551
1566958028.77,-34.7561226,138.5498072,100107,-34.8037049,138.6306857,3.0,-106.757699548
1566958028.82,-34.7561294,138.5497789,100161,-34.8037049,138.6306857,3.0,-95.5738963252
1566958028.88,-34.7561357,138.5497527,99912,-34.8037049,138.6306857,3.0,-104.801615598
1566958028.93,-34.7561425,138.5497244,99991,-34.8037049,138.6306857,3.0,-95.3864823929
1566958028.98,-34.7561489,138.5496982,100172,-34.8037049,138.6306857,3.0,-114.595741457
1566958029.04,-34.7561557,138.5496698,99867,-34.8037049,138.6306857,3.0,-111.825955014
1566958029.08,-34.7561621,138.5496436,99935,-34.8037049,138.6306857,3.0,-95.5087758016
1566958029.12,-34.7561689,138.5496153,100017,-34.8037049,138.6306857,3.0,-112.025880237
1566958029.18,-34.7561752,138.5495891,100121,-34.8037049,138.6306857,3.0,-103.786899796
1566958029.23,-34.7561819,138.5495608,100070,-34.8037049,138.6306857,3.0,-99.422875513
1566958029.27,-34.7561884,138.5495346,100186,-34.8037049,138.6306857,3.0,-101.697526885
1566958029.34,-34.7561952,138.5495063,99816,-34.8037049,138.6306857,3.0,-95.4206302695
1566958029.39,-34.7562014,138.5494802,100036,-34.8037049,138.6306857,3.0,-95.8336977375
1566958029.44,-34.7562084,138.5494517,99836,-34.8037049,138.6306857,3.0,-96.8728570448
1566958029.49,-34.7562147,138.5494256,100197,-34.8037049,138.6306857,3.0,-95.7416138944
1566958029.55,-34.7562214,138.5493972,99830,-34.8037049,138.6306857,3.0,-108.00217646
1566958029.61,-34.7562278,138.5493711,99957,-34.8037049,138.6306857,3.0,-117.048712478
1566958029.66,-34.7562347,138.5493428,100067,-34.8037049,138.6306857,3.0,-102.049982985
1566958029.71,-34.7562409,138.5493166,100036,-34.8037049,138.6306857,3.0,-95.9013788015
1566958029.76,-34.7562478,138.5492883,100116,-34.8037049,138.6306857,3.0,-118.188099322
1566958029.82,-34.7562542,138.5492621,100183,-34.8037049,138.6306857,3.0,-95.4673816902
1566958029.87,-34.7562609,138.5492337,100138,-34.8037049,138.6306857,3.0,-102.211875112
1566958029.93,-34.7562673,138.5492076,100229,-34.8037049,138.6306857,3.0,-95.5042352182
1566958029.98,-34.7562742,138.5491792,100121,-34.8037049,138.6306857,3.0,-96.3302933669
1566958030.04,-34.7562804,138.549153,100243,-34.8037049,138.6306857,3.0,-96.3722729593
1566958030.09,-34.7562872,138.5491247,99915,-34.8037049,138.6306857,3.0,-109.839351949
1566958030.14,-34.7562936,138.5490986,100186,-34.8037049,138.6306857,3.0,-95.4097797992
1566958030.2,-34.7563005,138.5490702,100121,-34.8037049,138.6306857,3.0,-96.9078909378
1566958030.23,-34.7563068,138.5490441,100087,-34.8037049,138.6306857,3.0,-100.009473455
1566958030.27,-34.7563136,138.5490158,100116,-34.8037049,138.6306857,3.0,-97.2109900556
1566958030.33,-34.7563199,138.5489895,100186,-34.8037049,138.6306857,3.0,-100.12355303
1566958030.39,-34.7563267,138.5489612,99850,-34.8037049,138.6306857,3.0,-95.5421916295
1566958030.44,-34.7563327,138.548935,100087,-34.8037049,138.6306857,3.0,-95.4212448789
1566958030.49,-34.7563382,138.5489067,100268,-34.8037049,138.6306857,3.0,-109.901185636
1566958030.54,-34.7563431,138.5488805,99940,-34.8037049,138.6306857,3.0,-99.2699072164
1566958030.61,-34.7563486,138.5488522,99870,-34.8037049,138.6306857,3.0,-108.95811922
1566958030.66,-34.7563537,138.548826,100005,-34.8037049,138.6306857,3.0,-112.661873677
1566958030.72,-34.7563592,138.5487977,99946,-34.8037049,138.6306857,3.0,-97.2012698219
1566958030.76,-34.7563643,138.5487714,100121,-34.8037049,138.6306857,3.0,-99.6810645079
1566958030.82,-34.7563698,138.5487431,100062,-34.8037049,138.6306857,3.0,-111.677722145
1566958030.87,-34.7563747,138.5487169,99957,-34.8037049,138.6306857,3.0,-104.374021058
1566958030.92,-34.7563802,138.5486886,99952,-34.8037049,138.6306857,3.0,-96.4709691321
1566958030.97,-34.7563853,138.5486625,100217,-34.8037049,138.6306857,3.0,-133.063976249
1566958031.03,-34.7563908,138.5486341,100141,-34.8037049,138.6306857,3.0,-106.244602218
1566958031.08,-34.7563959,138.548608,99870,-34.8037049,138.6306857,3.0,-96.2895348081
1566958031.13,-34.7564013,138.5485797,100051,-34.8037049,138.6306857,3.0,-104.775869842
1566958031.18,-34.7564063,138.5485534,100022,-34.8037049,138.6306857,3.0,-95.5454649377
1566958031.23,-34.7564118,138.5485251,99971,-34.8037049,138.6306857,3.0,-99.3275647185
1566958031.27,-34.7564169,138.5484989,100257,-34.8037049,138.6306857,3.0,-96.9467962927
1566958031.33,-34.7564224,138.5484706,99915,-34.8037049,138.6306857,3.0,-105.585472832
1566958031.38,-34.7564275,138.5484444,100172,-34.8037049,138.6306857,3.0,-101.708660027
1566958031.44,-34.7564329,138.5484161,100121,-34.8037049,138.6306857,3.0,-95.4231587337
1566958031.49,-34.7564379,138.5483899,99906,-34.8037049,138.6306857,3.0,-97.3811740684
1566958031.55,-34.7564434,138.5483616,100036,-34.8037049,138.6306857,3.0,-96.5608830199
1566958031.59,-34.7564485,138.5483355,100203,-34.8037049,138.6306857,3.0,-98.4598137044
1566958031.64,-34.756454,138.5483071,100031,-34.8037049,138.6306857,3.0,-110.383385407
1566958031.68,-34.7564591,138.5482808,99895,-34.8037049,138.6306857,3.0,-95.4356336571
1566958031.74,-34.7564645,138.5482525,100070,-34.8037049,138.6306857,3.0,-113.257703786
1566958031.78,-34.7564695,138.5482264,100067,-34.8037049,138.6306857,3.0,-98.7907147267
1566958031.84,-34.756475,138.5481981,99887,-34.8037049,138.6306857,3.0,-104.185688734
1566958031.89,-34.7564801,138.5481719,99870,-34.8037049,138.6306857,3.0,-95.5549229444
1566958031.95,-34.7564856,138.5481436,100121,-34.8037049,138.6306857,3.0,-98.1612025442
1566958031.99,-34.7564906,138.5481174,100062,-34.8037049,138.6306857,3.0,-123.050420484
1566958032.04,-34.7564961,138.548089,100087,-34.8037049,138.6306857,3.0,-109.130785945
1566958032.1,-34.7565011,138.5480629,99901,-34.8037049,138.6306857,3.0,-102.640189821
1566958032.14,-34.7565066,138.5480345,100056,-34.8037049,138.6306857,3.0,-95.7022632262
1566958032.19,-34.7565117,138.5480083,100116,-34.8037049,138.6306857,3.0,-100.874418234
1566958032.25,-34.7565172,138.54798,99870,-34.8037049,138.6306857,3.0,-96.9259349922
1566958032.31,-34.7565222,138.5479538,100262,-34.8037049,138.6306857,3.0,-102.046899277
1566958032.37,-34.7565277,138.5479255,99915,-34.8037049,138.6306857,3.0,-95.9479748047
1566958032.42,-34.7565327,138.5478994,99952,-34.8037049,138.6306857,3.0,-95.6901648771
1566958032.47,-34.7565382,138.5478709,100082,-34.8037049,138.6306857,3.0,-96.0376107708
1566958032.52,-34.7565433,138.5478448,100087,-34.8037049,138.6306857,3.0,-95.4573691895
1566958032.58,-34.7565488,138.5478164,100005,-34.8037049,138.6306857,3.0,-95.5278711605
1566958032.63,-34.7565538,138.5477903,100022,-34.8037049,138.6306857,3.0,-95.5045770087
1566958032.69,-34.7565593,138.547762,100127,-34.8037049,138.6306857,3.0,-96.6232037349
1566958032.74,-34.7565643,138.5477358,100101,-34.8037049,138.6306857,3.0,-108.151134111
1566958032.78,-34.7565698,138.5477075,99946,-34.8037049,138.6306857,3.0,-97.6062797419
1566958032.82,-34.7565748,138.5476813,99940,-34.8037049,138.6306857,3.0,-109.931957636
1566958032.89,-34.7565804,138.547653,100251,-34.8037049,138.6306857,3.0,-100.259678326
1566958032.94,-34.7565854,138.5476268,99940,-34.8037049,138.6306857,3.0,-97.5441758689
1566958032.98,-34.7565909,138.5475984,100113,-34.8037049,138.6306857,3.0,-102.033102458
1566958033.02,-34.756596,138.5475722,100070,-34.8037049,138.6306857,3.0,-95.7742471814
1566958033.08,-34.7566014,138.5475439,100237,-34.8037049,138.6306857,3.0,-116.196290339
1566958033.13,-34.7566064,138.5475177,99870,-34.8037049,138.6306857,3.0,-96.4292777804
1566958033.18,-34.7566119,138.5474894,100025,-34.8037049,138.6306857,3.0,-96.2056911284
1566958033.22,-34.756617,138.5474633,99816,-34.8037049,138.6306857,3.0,-95.478974026
1566958033.27,-34.7566225,138.547435,100070,-34.8037049,138.6306857,3.0,-97.376478863
1566958033.31,-34.7566276,138.5474087,99841,-34.8037049,138.6306857,3.0,-96.070967183
1566958033.38,-34.756633,138.5473803,100127,-34.8037049,138.6306857,3.0,-104.622466448
1566958033.43,-34.756638,138.5473542,99906,-34.8037049,138.6306857,3.0,-96.4134284265
1566958033.49,-34.7566435,138.5473259,99966,-34.8037049,138.6306857,3.0,-117.067505683
1566958033.55,-34.7566486,138.5472998,100087,-34.8037049,138.6306857,3.0,-131.480897244
1566958033.6,-34.7566541,138.5472714,100132,-34.8037049,138.6306857,3.0,-98.9289759259
1566958033.65,-34.7566592,138.5472452,99875,-34.8037049,138.6306857,3.0,-96.5941917571
1566958033.72,-34.7566646,138.5472169,99847,-34.8037049,138.6306857,3.0,-99.6410314915
1566958033.77,-34.7566696,138.5471906,99822,-34.8037049,138.6306857,3.0,-100.497182158
1566958033.81,-34.7566751,138.5471624,100166,-34.8037049,138.6306857,3.0,-102.592882097
1566958033.85,-34.7566802,138.5471361,99836,-34.8037049,138.6306857,3.0,-95.8768285604
1566958033.92,-34.7566857,138.5471078,99906,-34.8037049,138.6306857,3.0,-108.908266398
1566958033.96,-34.7566908,138.5470817,99952,-34.8037049,138.6306857,3.0,-96.7574268908
1566958034.0,-34.7566962,138.5470533,100147,-34.8037049,138.6306857,3.0,-118.368238252
1566958034.05,-34.7567012,138.5470272,99822,-34.8037049,138.6306857,3.0,-98.9798043367
1566958034.11,-34.7567067,138.5469989,99901,-34.8037049,138.6306857,3.0,-96.8859529421
1566958034.16,-34.7567118,138.5469727,100042,-34.8037049,138.6306857,3.0,-95.5287117259
1566958034.21,-34.7567173,138.5469443,100166,-34.8037049,138.6306857,3.0,-95.5894581348
1566958034.25,-34.7567224,138.5469181,100017,-34.8037049,138.6306857,3.0,-105.311188751
1566958034.31,-34.7567278,138.5468898,100011,-34.8037049,138.6306857,3.0,-96.6238945713
1566958034.36,-34.7567328,138.5468636,99960,-34.8037049,138.6306857,3.0,-123.53189104
1566958034.42,-34.7567383,138.5468353,100067,-34.8037049,138.6306857,3.0,-101.507936752
1566958034.47,-34.7567434,138.5468091,99977,-34.8037049,138.6306857,3.0,-101.106671274
1566958034.53,-34.7567489,138.5467808,100203,-34.8037049,138.6306857,3.0,-98.6991551827
1566958034.58,-34.7567539,138.5467546,99991,-34.8037049,138.6306857,3.0,-96.0158709603
1566958034.64,-34.7567594,138.5467262,100186,-34.8037049,138.6306857,3.0,-98.6037200033
1566958034.69,-34.7567644,138.5467,99830,-34.8037049,138.6306857,3.0,-98.6210300581
