1566957972.32,-34.8708454,138.6496847,-163,-34.8037049,138.6306857,3.0,-100.388335622
1566957972.37,-34.8708391,138.6496588,90,-34.8037049,138.6306857,3.0,-118.777030029
1566957972.43,-34.8708334,138.6496339,-299,-34.8037049,138.6306857,3.0,-94.4645464135
1566957972.48,-34.8708285,138.6496132,-175,-34.8037049,138.6306857,3.0,-117.971128867
1566957972.53,-34.870824,138.6495931,64,-34.8037049,138.6306857,3.0,-96.221840828
1566957972.59,-34.8708202,138.6495763,-265,-34.8037049,138.6306857,3.0,-145.545684121
1566957972.65,-34.8708161,138.6495598,-192,-34.8037049,138.6306857,3.0,-99.576961076
1566957972.69,-34.8708127,138.6495459,0,-34.8037049,138.6306857,3.0,-99.576961076
1566957972.75,-34.87081,138.6495325,-11,-34.8037049,138.6306857,3.0,-102.231373682
1566957972.8,-34.8708073,138.649521,-243,-34.8037049,138.6306857,3.0,-96.8965290858
1566957972.86,-34.8708047,138.6495098,-11,-34.8037049,138.6306857,3.0,-102.229076304
1566957972.89,-34.8708022,138.6495003,-146,-34.8037049,138.6306857,3.0,-94.9016419009
1566957972.95,-34.8707994,138.6494909,48,-34.8037049,138.6306857,3.0,-93.9361116593
1566957973.0,-34.870798,138.649483,129,-34.8037049,138.6306857,3.0,-93.9203224637
1566957973.06,-34.8707966,138.6494751,135,-34.8037049,138.6306857,3.0,-93.8895364668
1566957973.1,-34.8707953,138.6494683,-28,-34.8037049,138.6306857,3.0,-95.3741679242
1566957973.16,-34.8707939,138.6494617,-169,-34.8037049,138.6306857,3.0,-105.324050826
1566957973.21,-34.8707926,138.6494559,-101,-34.8037049,138.6306857,3.0,-101.046942059
1566957973.25,-34.8707913,138.6494504,138,-34.8037049,138.6306857,3.0,-94.0239348883
1566957973.29,-34.8707901,138.6494456,53,-34.8037049,138.6306857,3.0,-94.2909765437
1566957973.35,-34.8707887,138.6494409,-124,-34.8037049,138.6306857,3.0,-94.2489242156
1566957973.39,-34.8707875,138.6494368,194,-34.8037049,138.6306857,3.0,-98.5639164607
1566957973.45,-34.870786,138.6494327,-22,-34.8037049,138.6306857,3.0,-96.8837140021
1566957973.5,-34.8707847,138.6494291,33,-34.8037049,138.6306857,3.0,-94.5525364107
1566957973.55,-34.8707834,138.6494258,28,-34.8037049,138.6306857,3.0,-95.3701403854
1566957973.6,-34.8707822,138.6494228,-101,-34.8037049,138.6306857,3.0,-101.029769155
1566957973.66,-34.8707813,138.6494199,-90,-34.8037049,138.6306857,3.0,-118.079818058
1566957973.71,-34.8707813,138.6494174,228,-34.8037049,138.6306857,3.0,-94.1489409162
1566957973.77,-34.8707813,138.6494148,-135,-34.8037049,138.6306857,3.0,-93.8877011138
1566957973.82,-34.8707813,138.6494127,-79,-34.8037049,138.6306857,3.0,-103.640018326
1566957973.87,-34.8707813,138.6494105,-163,-34.8037049,138.6306857,3.0,-100.530280735
1566957973.91,-34.8707813,138.6494086,129,-34.8037049,138.6306857,3.0,-93.9144154287
1566957973.98,-34.8707813,138.6494069,25,-34.8037049,138.6306857,3.0,-96.0428131226
1566957974.03,-34.8707813,138.6494054,214,-34.8037049,138.6306857,3.0,-94.0976589242
1566957974.09,-34.8707813,138.6494037,-79,-34.8037049,138.6306857,3.0,-103.641519814
1566957974.13,-34.8707813,138.6494023,33,-34.8037049,138.6306857,3.0,-94.5509874859
1566957974.21,-34.8707813,138.6494011,36,-34.8037049,138.6306857,3.0,-94.2195090277
1566957974.24,-34.8707813,138.6493999,90,-34.8037049,138.6306857,3.0,-118.055314621
1566957974.31,-34.8707813,138.6493987,180,-34.8037049,138.6306857,3.0,-112.049776583
1566957974.35,-34.8707813,138.6493975,-129,-34.8037049,138.6306857,3.0,-93.9140152484
1566957974.42,-34.8707813,138.6493966,-96,-34.8037049,138.6306857,3.0,-105.165838161
1566957974.45,-34.8707813,138.649396,64,-34.8037049,138.6306857,3.0,-96.2310797375
1566957974.51,-34.8707813,138.6493951,-56,-34.8037049,138.6306857,3.0,-94.6491358195
1566957974.57,-34.8707813,138.6493944,-146,-34.8037049,138.6306857,3.0,-94.9102918635
1566957974.62,-34.8707813,138.6493935,121,-34.8037049,138.6306857,3.0,-94.5855459746
1566957974.67,-34.8707813,138.6493927,-45,-34.8037049,138.6306857,3.0,-93.8542726112
1566957974.71,-34.8707813,138.6493921,-169,-34.8037049,138.6306857,3.0,-105.389812872
1566957974.75,-34.8707813,138.6493917,-39,-34.8037049,138.6306857,3.0,-93.9958720977
1566957974.8,-34.8707813,138.6493913,-79,-34.8037049,138.6306857,3.0,-103.643588147
1566957974.86,-34.8707813,138.6493908,-124,-34.8037049,138.6306857,3.0,-94.2440347776
1566957974.91,-34.8707813,138.6493904,-141,-34.8037049,138.6306857,3.0,-94.2637191112
1566957974.96,-34.8707813,138.6493901,-67,-34.8037049,138.6306857,3.0,-97.1152411715
1566957975.02,-34.8707813,138.6493897,-209,-34.8037049,138.6306857,3.0,-94.6209542303
1566957975.08,-34.8707813,138.6493893,135,-34.8037049,138.6306857,3.0,-93.8873741201
1566957975.11,-34.8707813,138.6493889,-180,-34.8037049,138.6306857,3.0,-112.037849804
1566957975.16,-34.8707813,138.6493884,64,-34.8037049,138.6306857,3.0,-96.2312460411
1566957975.22,-34.8707813,138.649388,146,-34.8037049,138.6306857,3.0,-94.9105482005
1566957975.26,-34.8707813,138.6493877,135,-34.8037049,138.6306857,3.0,-93.8873536478
1566957975.3,-34.8707813,138.6493873,11,-34.8037049,138.6306857,3.0,-102.217938223
1566957975.37,-34.8707813,138.6493869,-16,-34.8037049,138.6306857,3.0,-99.2149972446
1566957975.42,-34.8707813,138.6493865,-11,-34.8037049,138.6306857,3.0,-102.217902199
1566957975.47,-34.8707813,138.6493864,155,-34.8037049,138.6306857,3.0,-97.029663113
1566957975.52,-34.8707813,138.6493864,206,-34.8037049,138.6306857,3.0,-95.0904848311
1566957975.58,-34.8707813,138.6493864,146,-34.8037049,138.6306857,3.0,-94.9106122871
1566957975.63,-34.8707813,138.6493864,-141,-34.8037049,138.6306857,3.0,-94.2637733423
1566957975.69,-34.8707813,138.6493864,-45,-34.8037049,138.6306857,3.0,-93.8541341936
1566957975.74,-34.8707813,138.6493864,-67,-34.8037049,138.6306857,3.0,-97.11537157
1566957975.8,-34.8707813,138.6493864,-11,-34.8037049,138.6306857,3.0,-102.217897696
1566957975.86,-34.8707813,138.6493864,0,-34.8037049,138.6306857,3.0,-102.217897696
1566957975.91,-34.8707813,138.6493864,-96,-34.8037049,138.6306857,3.0,-105.162750066
1566957975.96,-34.8707813,138.6493864,-22,-34.8037049,138.6306857,3.0,-96.8807669062
1566957976.01,-34.8707813,138.6493864,-56,-34.8037049,138.6306857,3.0,-94.649114868
1566957976.06,-34.8707813,138.6493864,110,-34.8037049,138.6306857,3.0,-96.9636456854
1566957976.1,-34.8707813,138.6493864,59,-34.8037049,138.6306857,3.0,-95.1276033618
1566957976.15,-34.8707813,138.6493864,161,-34.8037049,138.6306857,3.0,-99.4468621226
1566957976.21,-34.8707813,138.6493864,-124,-34.8037049,138.6306857,3.0,-94.2437947828
1566957976.25,-34.8707813,138.6493864,214,-34.8037049,138.6306857,3.0,-94.0964104437
1566957976.29,-34.8707813,138.6493864,-79,-34.8037049,138.6306857,3.0,-103.64440535
1566957976.35,-34.8707813,138.6493864,155,-34.8037049,138.6306857,3.0,-97.029663113
1566957976.41,-34.8707813,138.6493864,5,-34.8037049,138.6306857,3.0,-108.889193549
1566957976.46,-34.8707813,138.6493864,-96,-34.8037049,138.6306857,3.0,-105.162750066
1566957976.52,-34.8707813,138.6493864,206,-34.8037049,138.6306857,3.0,-95.0904848311
1566957976.57,-34.8707813,138.6493864,96,-34.8037049,138.6306857,3.0,-105.162750066
1566957976.62,-34.8707813,138.6493864,-186,-34.8037049,138.6306857,3.0,-103.459594975
1566957976.67,-34.8707813,138.6493864,412,-34.8037049,138.6306857,3.0,-95.1172715635
1566957976.73,-34.8707813,138.6493864,5,-34.8037049,138.6306857,3.0,-108.889193549
1566957976.79,-34.8707813,138.6493864,45,-34.8037049,138.6306857,3.0,-93.8541341936
1566957976.84,-34.8707813,138.6493864,45,-34.8037049,138.6306857,3.0,-93.8541341936
1566957976.89,-34.8707813,138.6493864,84,-34.8037049,138.6306857,3.0,-110.259076819
1566957976.94,-34.8707813,138.6493864,378,-34.8037049,138.6306857,3.0,-96.0563752642
1566957977.0,-34.8707813,138.6493864,217,-34.8037049,138.6306857,3.0,-93.9239329533
1566957977.06,-34.8707813,138.6493864,327,-34.8037049,138.6306857,3.0,-95.7871370306
1566957977.11,-34.8707813,138.6493864,56,-34.8037049,138.6306857,3.0,-94.649114868
1566957977.15,-34.8707813,138.6493864,192,-34.8037049,138.6306857,3.0,-99.4756347827
1566957977.2,-34.8707813,138.6493864,186,-34.8037049,138.6306857,3.0,-103.459594975
1566957977.25,-34.8707813,138.6493864,206,-34.8037049,138.6306857,3.0,-95.0904848311
1566957977.3,-34.8707813,138.6493864,28,-34.8037049,138.6306857,3.0,-95.368216392
1566957977.36,-34.8707813,138.6493864,22,-34.8037049,138.6306857,3.0,-96.8807669062
1566957977.41,-34.8707813,138.6493864,307,-34.8037049,138.6306857,3.0,-93.8703962803
1566957977.46,-34.8707813,138.6493864,79,-34.8037049,138.6306857,3.0,-103.64440535
1566957977.5,-34.8707813,138.6493864,367,-34.8037049,138.6306857,3.0,-100.295240554
1566957977.55,-34.8707813,138.6493864,412,-34.8037049,138.6306857,3.0,-95.1172715635
1566957977.61,-34.8707813,138.6493864,211,-34.8037049,138.6306857,3.0,-94.3739390583
1566957977.66,-34.8707813,138.6493864,22,-34.8037049,138.6306857,3.0,-96.8807669062
1566957977.72,-34.8707813,138.6493864,121,-34.8037049,138.6306857,3.0,-94.5850782881
1566957977.76,-34.8707813,138.6493864,161,-34.8037049,138.6306857,3.0,-99.4468621226
1566957977.82,-34.8707813,138.6493864,271,-34.8037049,138.6306857,3.0,-107.035775568
1566957977.87,-34.8707813,138.6493864,387,-34.8037049,138.6306857,3.0,-94.4342039224
1566957977.93,-34.8707813,138.6493864,341,-34.8037049,138.6306857,3.0,-101.465985983
1566957977.97,-34.8707813,138.6493864,296,-34.8037049,138.6306857,3.0,-94.803509282
1566957978.02,-34.8707813,138.6493864,0,-34.8037049,138.6306857,3.0,-94.803509282
1566957978.07,-34.8707813,138.6493864,90,-34.8037049,138.6306857,3.0,-118.038825036
1566957978.12,-34.8707813,138.6493864,333,-34.8037049,138.6306857,3.0,-97.5280081816
1566957978.17,-34.8707813,138.6493864,251,-34.8037049,138.6306857,3.0,-100.381299385
1566957978.22,-34.8707813,138.6493864,-5,-34.8037049,138.6306857,3.0,-108.889193549
1566957978.28,-34.8707813,138.6493864,121,-34.8037049,138.6306857,3.0,-94.5850782881
1566957978.33,-34.8707813,138.6493864,387,-34.8037049,138.6306857,3.0,-94.4342039224
1566957978.39,-34.8707813,138.6493864,155,-34.8037049,138.6306857,3.0,-97.029663113
1566957978.44,-34.8707813,138.6493864,367,-34.8037049,138.6306857,3.0,-100.295240554
1566957978.5,-34.8707813,138.6493864,67,-34.8037049,138.6306857,3.0,-97.11537157
1566957978.55,-34.8707813,138.6493864,121,-34.8037049,138.6306857,3.0,-94.5850782881
1566957978.6,-34.8707813,138.6493864,28,-34.8037049,138.6306857,3.0,-95.368216392
1566957978.65,-34.8707813,138.6493864,33,-34.8037049,138.6306857,3.0,-94.5504392365
1566957978.71,-34.8707813,138.6493864,412,-34.8037049,138.6306857,3.0,-95.1172715635
1566957978.76,-34.8707813,138.6493864,121,-34.8037049,138.6306857,3.0,-94.5850782881
1566957978.81,-34.8707813,138.6493864,291,-34.8037049,138.6306857,3.0,-95.7526153959
1566957978.86,-34.8707813,138.6493864,251,-34.8037049,138.6306857,3.0,-100.381299385
1566957978.91,-34.8707813,138.6493864,121,-34.8037049,138.6306857,3.0,-94.5850782881
1566957978.97,-34.8707813,138.6493864,39,-34.8037049,138.6306857,3.0,-93.9957181792
1566957979.01,-34.8707813,138.6493864,353,-34.8037049,138.6306857,3.0,-147.663046764
1566957979.05,-34.8707813,138.6493864,192,-34.8037049,138.6306857,3.0,-99.4756347827
1566957979.1,-34.8707813,138.6493864,67,-34.8037049,138.6306857,3.0,-97.11537157
1566957979.16,-34.8707813,138.6493864,288,-34.8037049,138.6306857,3.0,-96.5215054045
1566957979.21,-34.8707813,138.6493864,28,-34.8037049,138.6306857,3.0,-95.368216392
1566957979.26,-34.8707813,138.6493864,276,-34.8037049,138.6306857,3.0,-102.064452757
1566957979.31,-34.8707813,138.6493864,-5,-34.8037049,138.6306857,3.0,-108.889193549
1566957979.38,-34.8707813,138.6493864,73,-34.8037049,138.6306857,3.0,-99.5807462573
1566957979.43,-34.8707813,138.6493864,62,-34.8037049,138.6306857,3.0,-95.7395139171
1566957979.49,-34.8707813,138.6493864,316,-34.8037049,138.6306857,3.0,-94.1283430013
1566957979.54,-34.8707813,138.6493864,22,-34.8037049,138.6306857,3.0,-96.8807669062
1566957979.6,-34.8707813,138.6493864,146,-34.8037049,138.6306857,3.0,-94.9106122871
1566957979.66,-34.8707813,138.6493864,401,-34.8037049,138.6306857,3.0,-93.9301258502
1566957979.7,-34.8707813,138.6493864,336,-34.8037049,138.6306857,3.0,-98.7248106036
1566957979.75,-34.8707813,138.6493864,175,-34.8037049,138.6306857,3.0,-119.140884987
1566957979.81,-34.8707813,138.6493864,271,-34.8037049,138.6306857,3.0,-107.035775568
1566957979.86,-34.8707813,138.6493864,186,-34.8037049,138.6306857,3.0,-103.459594975
1566957979.91,-34.8707813,138.6493864,33,-34.8037049,138.6306857,3.0,-94.5504392365
1566957979.94,-34.8707813,138.6493864,129,-34.8037049,138.6306857,3.0,-93.9136154398
1566957980.0,-34.8707813,138.6493864,418,-34.8037049,138.6306857,3.0,-96.4889889298
1566957980.05,-34.8707813,138.6493864,79,-34.8037049,138.6306857,3.0,-103.64440535
1566957980.11,-34.8707813,138.6493864,336,-34.8037049,138.6306857,3.0,-98.7248106036
1566957980.16,-34.8707813,138.6493864,22,-34.8037049,138.6306857,3.0,-96.8807669062
1566957980.22,-34.8707813,138.6493864,271,-34.8037049,138.6306857,3.0,-107.035775568
1566957980.26,-34.8707813,138.6493864,291,-34.8037049,138.6306857,3.0,-95.7526153959
1566957980.32,-34.8707813,138.6493864,412,-34.8037049,138.6306857,3.0,-95.1172715635
1566957980.36,-34.8707813,138.6493864,257,-34.8037049,138.6306857,3.0,-105.100313601
1566957980.42,-34.8707813,138.6493864,200,-34.8037049,138.6306857,3.0,-96.4468776507
1566957980.48,-34.8707813,138.6493864,356,-34.8037049,138.6306857,3.0,-113.463596455
1566957980.54,-34.8707813,138.6493864,211,-34.8037049,138.6306857,3.0,-94.3739390583
1566957980.58,-34.8707813,138.6493864,276,-34.8037049,138.6306857,3.0,-102.064452757
1566957980.64,-34.8707813,138.6493864,0,-34.8037049,138.6306857,3.0,-102.064452757
1566957980.69,-34.8707813,138.6493864,73,-34.8037049,138.6306857,3.0,-99.5807462573
1566957980.75,-34.8707813,138.6493864,11,-34.8037049,138.6306857,3.0,-102.217897696
1566957980.8,-34.8707813,138.6493864,141,-34.8037049,138.6306857,3.0,-94.2637733423
1566957980.85,-34.8707813,138.6493864,347,-34.8037049,138.6306857,3.0,-107.244540777
1566957980.88,-34.8707813,138.6493864,192,-34.8037049,138.6306857,3.0,-99.4756347827
1566957980.94,-34.8707813,138.6493864,152,-34.8037049,138.6306857,3.0,-96.1621170934
1566957980.98,-34.8707813,138.6493864,243,-34.8037049,138.6306857,3.0,-96.9455534629
1566957981.05,-34.8707813,138.6493864,141,-34.8037049,138.6306857,3.0,-94.2637733423
1566957981.1,-34.8707813,138.6493864,56,-34.8037049,138.6306857,3.0,-94.649114868
1566957981.14,-34.8707813,138.6493864,175,-34.8037049,138.6306857,3.0,-119.140884987
1566957981.19,-34.8707813,138.6493864,39,-34.8037049,138.6306857,3.0,-93.9957181792
1566957981.24,-34.8707813,138.6493864,406,-34.8037049,138.6306857,3.0,-94.2842707544
1566957981.28,-34.8707813,138.6493864,186,-34.8037049,138.6306857,3.0,-103.459594975
1566957981.36,-34.8707813,138.6493864,276,-34.8037049,138.6306857,3.0,-102.064452757
1566957981.4,-34.8707813,138.6493864,129,-34.8037049,138.6306857,3.0,-93.9136154398
1566957981.46,-34.8707813,138.6493864,73,-34.8037049,138.6306857,3.0,-99.5807462573
1566957981.51,-34.8707813,138.6493864,211,-34.8037049,138.6306857,3.0,-94.3739390583
1566957981.57,-34.8707813,138.6493864,39,-34.8037049,138.6306857,3.0,-93.9957181792
1566957981.62,-34.8707813,138.6493864,327,-34.8037049,138.6306857,3.0,-95.7871370306
1566957981.68,-34.8707813,138.6493864,211,-34.8037049,138.6306857,3.0,-94.3739390583
1566957981.74,-34.8707813,138.6493864,0,-34.8037049,138.6306857,3.0,-94.3739390583
1566957981.79,-34.8707813,138.6493864,401,-34.8037049,138.6306857,3.0,-93.9301258502
1566957981.85,-34.8707813,138.6493864,237,-34.8037049,138.6306857,3.0,-95.4099590165
1566957981.91,-34.8707813,138.6493864,11,-34.8037049,138.6306857,3.0,-102.217897696
1566957981.95,-34.8707813,138.6493864,406,-34.8037049,138.6306857,3.0,-94.2842707544
1566957982.01,-34.8707813,138.6493864,271,-34.8037049,138.6306857,3.0,-107.035775568
1566957982.07,-34.8707813,138.6493864,73,-34.8037049,138.6306857,3.0,-99.5807462573
1566957982.11,-34.8707813,138.6493864,412,-34.8037049,138.6306857,3.0,-95.1172715635
1566957982.15,-34.8707813,138.6493864,206,-34.8037049,138.6306857,3.0,-95.0904848311
1566957982.21,-34.8707813,138.6493864,378,-34.8037049,138.6306857,3.0,-96.0563752642
1566957982.25,-34.8707813,138.6493864,322,-34.8037049,138.6306857,3.0,-94.8266054535
1566957982.31,-34.8707813,138.6493864,121,-34.8037049,138.6306857,3.0,-94.5850782881
1566957982.37,-34.8707813,138.6493864,175,-34.8037049,138.6306857,3.0,-119.140884987
1566957982.4,-34.8707813,138.6493864,175,-34.8037049,138.6306857,3.0,-119.140884987
1566957982.44,-34.8707813,138.6493864,197,-34.8037049,138.6306857,3.0,-97.3824148371
1566957982.49,-34.8707813,138.6493864,39,-34.8037049,138.6306857,3.0,-93.9957181792
1566957982.53,-34.8707813,138.6493864,175,-34.8037049,138.6306857,3.0,-119.140884987
1566957982.58,-34.8707813,138.6493864,155,-34.8037049,138.6306857,3.0,-97.029663113
1566957982.63,-34.8707813,138.6493864,361,-34.8037049,138.6306857,3.0,-104.939317125
1566957982.69,-34.8707813,138.6493864,341,-34.8037049,138.6306857,3.0,-101.465985983
1566957982.74,-34.8707813,138.6493864,197,-34.8037049,138.6306857,3.0,-97.3824148371
1566957982.8,-34.8707813,138.6493864,107,-34.8037049,138.6306857,3.0,-98.0228989582
1566957982.86,-34.8707813,138.6493864,276,-34.8037049,138.6306857,3.0,-102.064452757
1566957982.92,-34.8707813,138.6493864,387,-34.8037049,138.6306857,3.0,-94.4342039224
1566957982.97,-34.8707813,138.6493864,220,-34.8037049,138.6306857,3.0,-93.8523924424
1566957983.04,-34.8707813,138.6493864,101,-34.8037049,138.6306857,3.0,-101.021782712
1566957983.09,-34.8707813,138.6493864,84,-34.8037049,138.6306857,3.0,-110.259076819
1566957983.16,-34.8707813,138.6493864,180,-34.8037049,138.6306857,3.0,-112.03481067
1566957983.21,-34.8707813,138.6493864,378,-34.8037049,138.6306857,3.0,-96.0563752642
1566957983.26,-34.8707813,138.6493864,33,-34.8037049,138.6306857,3.0,-94.5504392365
1566957983.3,-34.8707813,138.6493864,310,-34.8037049,138.6306857,3.0,-93.8563480938
1566957983.37,-34.8707813,138.6493864,33,-34.8037049,138.6306857,3.0,-94.5504392365
1566957983.42,-34.8707813,138.6493864,271,-34.8037049,138.6306857,3.0,-107.035775568
1566957983.48,-34.8707813,138.6493864,155,-34.8037049,138.6306857,3.0,-97.029663113
1566957983.54,-34.8707813,138.6493864,372,-34.8037049,138.6306857,3.0,-97.9421953745
1566957983.6,-34.8707813,138.6493864,79,-34.8037049,138.6306857,3.0,-103.64440535
1566957983.65,-34.8707813,138.6493864,186,-34.8037049,138.6306857,3.0,-103.459594975
1566957983.69,-34.8707813,138.6493864,175,-34.8037049,138.6306857,3.0,-119.140884987
1566957983.74,-34.8707813,138.6493864,172,-34.8037049,138.6306857,3.0,-109.740987204
1566957983.8,-34.8707813,138.6493864,336,-34.8037049,138.6306857,3.0,-98.7248106036
1566957983.84,-34.8707813,138.6493864,146,-34.8037049,138.6306857,3.0,-94.9106122871
1566957983.88,-34.8707813,138.6493864,5,-34.8037049,138.6306857,3.0,-108.889193549
1566957983.93,-34.8707813,138.6493864,347,-34.8037049,138.6306857,3.0,-107.244540777
1566957983.99,-34.8707813,138.6493864,353,-34.8037049,138.6306857,3.0,-147.663046764
1566957984.04,-34.8707813,138.6493864,392,-34.8037049,138.6306857,3.0,-93.9990079594
1566957984.09,-34.8707813,138.6493864,62,-34.8037049,138.6306857,3.0,-95.7395139171
1566957984.14,-34.8707813,138.6493864,372,-34.8037049,138.6306857,3.0,-97.9421953745
1566957984.2,-34.8707813,138.6493864,-11,-34.8037049,138.6306857,3.0,-102.217897696
1566957984.25,-34.8707813,138.6493864,197,-34.8037049,138.6306857,3.0,-97.3824148371
1566957984.3,-34.8707813,138.6493864,11,-34.8037049,138.6306857,3.0,-102.217897696
1566957984.36,-34.8707813,138.6493864,387,-34.8037049,138.6306857,3.0,-94.4342039224
1566957984.42,-34.8707813,138.6493864,347,-34.8037049,138.6306857,3.0,-107.244540777
1566957984.47,-34.8707813,138.6493864,353,-34.8037049,138.6306857,3.0,-147.663046764
1566957984.53,-34.8707813,138.6493864,310,-34.8037049,138.6306857,3.0,-93.8563480938
1566957984.57,-34.8707813,138.6493864,11,-34.8037049,138.6306857,3.0,-102.217897696
1566957984.62,-34.8707813,138.6493864,84,-34.8037049,138.6306857,3.0,-110.259076819
1566957984.68,-34.8707813,138.6493864,11,-34.8037049,138.6306857,3.0,-102.217897696
1566957984.73,-34.8707813,138.6493864,341,-34.8037049,138.6306857,3.0,-101.465985983
1566957984.77,-34.8707813,138.6493864,322,-34.8037049,138.6306857,3.0,-94.8266054535
1566957984.83,-34.8707813,138.6493864,175,-34.8037049,138.6306857,3.0,-119.140884987
1566957984.87,-34.8707813,138.6493864,381,-34.8037049,138.6306857,3.0,-95.3796970994
1566957984.91,-34.8707813,138.6493864,200,-34.8037049,138.6306857,3.0,-96.4468776507
1566957984.97,-34.8707813,138.6493864,392,-34.8037049,138.6306857,3.0,-93.9990079594
1566957985.01,-34.8707813,138.6493864,39,-34.8037049,138.6306857,3.0,-93.9957181792
1566957985.06,-34.8707813,138.6493864,226,-34.8037049,138.6306857,3.0,-94.0077864718
1566957985.1,-34.8707813,138.6493864,353,-34.8037049,138.6306857,3.0,-147.663046764
1566957985.14,-34.8707813,138.6493864,-5,-34.8037049,138.6306857,3.0,-108.889193549
1566957985.19,-34.8707813,138.6493864,141,-34.8037049,138.6306857,3.0,-94.2637733423
1566957985.23,-34.8707813,138.6493864,33,-34.8037049,138.6306857,3.0,-94.5504392365
1566957985.29,-34.8707813,138.6493864,45,-34.8037049,138.6306857,3.0,-93.8541341936
1566957985.35,-34.8707813,138.6493864,237,-34.8037049,138.6306857,3.0,-95.4099590165
1566957985.41,-34.8707813,138.6493864,282,-34.8037049,138.6306857,3.0,-98.6585334965
1566957985.46,-34.8707813,138.6493864,56,-34.8037049,138.6306857,3.0,-94.649114868
1566957985.52,-34.8707813,138.6493864,217,-34.8037049,138.6306857,3.0,-93.9239329533
1566957985.56,-34.8707813,138.6493864,0,-34.8037049,138.6306857,3.0,-93.9239329533
1566957985.62,-34.8707813,138.6493864,39,-34.8037049,138.6306857,3.0,-93.9957181792
1566957985.68,-34.8707813,138.6493864,172,-34.8037049,138.6306857,3.0,-109.740987204
1566957985.74,-34.8707813,138.6493864,231,-34.8037049,138.6306857,3.0,-94.4519144606
1566957985.8,-34.8707813,138.6493864,5,-34.8037049,138.6306857,3.0,-108.889193549
1566957985.86,-34.8707813,138.6493864,115,-34.8037049,138.6306857,3.0,-95.6337989786
1566957985.92,-34.8707813,138.6493864,245,-34.8037049,138.6306857,3.0,-97.6232357189
1566957985.98,-34.8707813,138.6493864,90,-34.8037049,138.6306857,3.0,-118.038825036
1566957986.03,-34.8707813,138.6493864,220,-34.8037049,138.6306857,3.0,-93.8523924424
1566957986.09,-34.8707813,138.6493864,110,-34.8037049,138.6306857,3.0,-96.9636456854
1566957986.14,-34.8707813,138.6493864,33,-34.8037049,138.6306857,3.0,-94.5504392365
1566957986.2,-34.8707813,138.6493864,378,-34.8037049,138.6306857,3.0,-96.0563752642
1566957986.24,-34.8707813,138.6493864,336,-34.8037049,138.6306857,3.0,-98.7248106036
1566957986.31,-34.8707813,138.6493864,84,-34.8037049,138.6306857,3.0,-110.259076819
1566957986.36,-34.8707813,138.6493864,406,-34.8037049,138.6306857,3.0,-94.2842707544
1566957986.41,-34.8707813,138.6493864,172,-34.8037049,138.6306857,3.0,-109.740987204
1566957986.46,-34.8707813,138.6493864,200,-34.8037049,138.6306857,3.0,-96.4468776507
1566957986.52,-34.8707813,138.6493864,5,-34.8037049,138.6306857,3.0,-108.889193549
1566957986.53,-34.8707813,138.6493864,322,-34.8037049,138.6306857,3.0,-94.8266054535
1566957986.59,-34.8707813,138.6493864,152,-34.8037049,138.6306857,3.0,-96.1621170934
1566957986.65,-34.8707813,138.6493864,307,-34.8037049,138.6306857,3.0,-93.8703962803
1566957986.7,-34.8707813,138.6493864,322,-34.8037049,138.6306857,3.0,-94.8266054535
1566957986.74,-34.8707813,138.6493864,186,-34.8037049,138.6306857,3.0,-103.459594975
1566957986.8,-34.8707813,138.6493864,62,-34.8037049,138.6306857,3.0,-95.7395139171
1566957986.85,-34.8707813,138.6493864,217,-34.8037049,138.6306857,3.0,-93.9239329533
1566957986.91,-34.8707813,138.6493864,392,-34.8037049,138.6306857,3.0,-93.9990079594
1566957986.95,-34.8707813,138.6493864,276,-34.8037049,138.6306857,3.0,-102.064452757
1566957987.01,-34.8707813,138.6493864,96,-34.8037049,138.6306857,3.0,-105.162750066
1566957987.07,-34.8707813,138.6493864,291,-34.8037049,138.6306857,3.0,-95.7526153959
1566957987.14,-34.8707813,138.6493864,62,-34.8037049,138.6306857,3.0,-95.7395139171
1566957987.17,-34.8707813,138.6493864,288,-34.8037049,138.6306857,3.0,-96.5215054045
1566957987.22,-34.8707813,138.6493864,73,-34.8037049,138.6306857,3.0,-99.5807462573
1566957987.28,-34.8707813,138.6493864,16,-34.8037049,138.6306857,3.0,-99.2149754105
1566957987.33,-34.8707813,138.6493864,152,-34.8037049,138.6306857,3.0,-96.1621170934
1566957987.38,-34.8707813,138.6493864,322,-34.8037049,138.6306857,3.0,-94.8266054535
1566957987.42,-34.8707813,138.6493864,50,-34.8037049,138.6306857,3.0,-94.0408226337
1566957987.46,-34.8707813,138.6493864,96,-34.8037049,138.6306857,3.0,-105.162750066
1566957987.53,-34.8707813,138.6493864,353,-34.8037049,138.6306857,3.0,-147.663046764
1566957987.58,-34.8707813,138.6493864,245,-34.8037049,138.6306857,3.0,-97.6232357189
1566957987.64,-34.8707813,138.6493864,-11,-34.8037049,138.6306857,3.0,-102.217897696
1566957987.69,-34.8707813,138.6493864,296,-34.8037049,138.6306857,3.0,-94.803509282
1566957987.73,-34.8707813,138.6493864,251,-34.8037049,138.6306857,3.0,-100.381299385
1566957987.77,-34.8707813,138.6493864,186,-34.8037049,138.6306857,3.0,-103.459594975
1566957987.81,-34.8707813,138.6493864,155,-34.8037049,138.6306857,3.0,-97.029663113
1566957987.85,-34.8707813,138.6493864,398,-34.8037049,138.6306857,3.0,-93.8536051127
1566957987.9,-34.8707813,138.6493864,56,-34.8037049,138.6306857,3.0,-94.649114868
1566957987.94,-34.8707813,138.6493864,192,-34.8037049,138.6306857,3.0,-99.4756347827
1566957988.01,-34.8707813,138.6493864,101,-34.8037049,138.6306857,3.0,-101.021782712
1566957988.05,-34.8707813,138.6493864,412,-34.8037049,138.6306857,3.0,-95.1172715635
1566957988.12,-34.8707813,138.6493864,406,-34.8037049,138.6306857,3.0,-94.2842707544
1566957988.16,-34.8707813,138.6493864,288,-34.8037049,138.6306857,3.0,-96.5215054045
1566957988.22,-34.8707813,138.6493864,310,-34.8037049,138.6306857,3.0,-93.8563480938
1566957988.26,-34.8707813,138.6493864,28,-34.8037049,138.6306857,3.0,-95.368216392
1566957988.33,-34.8707813,138.6493864,16,-34.8037049,138.6306857,3.0,-99.2149754105
1566957988.37,-34.8707813,138.6493864,211,-34.8037049,138.6306857,3.0,-94.3739390583
1566957988.42,-34.8707813,138.6493864,121,-34.8037049,138.6306857,3.0,-94.5850782881
1566957988.46,-34.8707813,138.6493864,398,-34.8037049,138.6306857,3.0,-93.8536051127
1566957988.51,-34.8707813,138.6493864,282,-34.8037049,138.6306857,3.0,-98.6585334965
1566957988.55,-34.8707813,138.6493864,200,-34.8037049,138.6306857,3.0,-96.4468776507
1566957988.6,-34.8707813,138.6493864,220,-34.8037049,138.6306857,3.0,-93.8523924424
1566957988.66,-34.8707813,138.6493864,310,-34.8037049,138.6306857,3.0,-93.8563480938
1566957988.73,-34.8707813,138.6493864,121,-34.8037049,138.6306857,3.0,-94.5850782881
1566957988.78,-34.8707813,138.6493864,28,-34.8037049,138.6306857,3.0,-95.368216392
1566957988.83,-34.8707813,138.6493864,200,-34.8037049,138.6306857,3.0,-96.4468776507
1566957988.87,-34.8707813,138.6493864,220,-34.8037049,138.6306857,3.0,-93.8523924424
1566957988.92,-34.8707813,138.6493864,96,-34.8037049,138.6306857,3.0,-105.162750066
1566957988.96,-34.8707813,138.6493864,-5,-34.8037049,138.6306857,3.0,-108.889193549
1566957989.01,-34.8707813,138.6493864,50,-34.8037049,138.6306857,3.0,-94.0408226337
1566957989.06,-34.8707813,138.6493864,231,-34.8037049,138.6306857,3.0,-94.4519144606
1566957989.11,-34.8707813,138.6493864,101,-34.8037049,138.6306857,3.0,-101.021782712
1566957989.17,-34.8707813,138.6493864,262,-34.8037049,138.6306857,3.0,-113.915718589
1566957989.24,-34.8707813,138.6493864,316,-34.8037049,138.6306857,3.0,-94.1283430013
1566957989.29,-34.8707813,138.6493864,401,-34.8037049,138.6306857,3.0,-93.9301258502
1566957989.35,-34.8707813,138.6493864,28,-34.8037049,138.6306857,3.0,-95.368216392
1566957989.41,-34.8707813,138.6493864,243,-34.8037049,138.6306857,3.0,-96.9455534629
1566957989.47,-34.8707813,138.6493864,0,-34.8037049,138.6306857,3.0,-96.9455534629
1566957989.52,-34.8707813,138.6493864,291,-34.8037049,138.6306857,3.0,-95.7526153959
1566957989.57,-34.8707813,138.6493864,11,-34.8037049,138.6306857,3.0,-102.217897696
1566957989.62,-34.8707813,138.6493864,-5,-34.8037049,138.6306857,3.0,-108.889193549
1566957989.68,-34.8707813,138.6493864,0,-34.8037049,138.6306857,3.0,-108.889193549
1566957989.73,-34.8707813,138.6493864,347,-34.8037049,138.6306857,3.0,-107.244540777
1566957989.78,-34.8707813,138.6493864,347,-34.8037049,138.6306857,3.0,-107.244540777
1566957989.84,-34.8707813,138.6493864,307,-34.8037049,138.6306857,3.0,-93.8703962803
1566957989.89,-34.8707813,138.6493864,322,-34.8037049,138.6306857,3.0,-94.8266054535
1566957989.95,-34.8707813,138.6493864,16,-34.8037049,138.6306857,3.0,-99.2149754105
1566957990.0,-34.8707813,138.6493864,401,-34.8037049,138.6306857,3.0,-93.9301258502
1566957990.06,-34.8707813,138.6493864,22,-34.8037049,138.6306857,3.0,-96.8807669062
1566957990.11,-34.8707813,138.6493864,276,-34.8037049,138.6306857,3.0,-102.064452757
1566957990.16,-34.8707813,138.6493864,381,-34.8037049,138.6306857,3.0,-95.3796970994
1566957990.21,-34.8707813,138.6493864,192,-34.8037049,138.6306857,3.0,-99.4756347827
1566957990.25,-34.8707813,138.6493864,347,-34.8037049,138.6306857,3.0,-107.244540777
1566957990.29,-34.8707813,138.6493864,180,-34.8037049,138.6306857,3.0,-112.03481067
1566957990.35,-34.8707813,138.6493864,84,-34.8037049,138.6306857,3.0,-110.259076819
1566957990.4,-34.8707813,138.6493864,406,-34.8037049,138.6306857,3.0,-94.2842707544
1566957990.44,-34.8707813,138.6493864,387,-34.8037049,138.6306857,3.0,-94.4342039224
1566957990.48,-34.8707813,138.6493864,0,-34.8037049,138.6306857,3.0,-94.4342039224
1566957990.52,-34.8707813,138.6493864,282,-34.8037049,138.6306857,3.0,-98.6585334965
1566957990.56,-34.8707813,138.6493864,271,-34.8037049,138.6306857,3.0,-107.035775568
1566957990.62,-34.8707813,138.6493864,381,-34.8037049,138.6306857,3.0,-95.3796970994
1566957990.68,-34.8707813,138.6493864,110,-34.8037049,138.6306857,3.0,-96.9636456854
1566957990.73,-34.8707813,138.6493864,115,-34.8037049,138.6306857,3.0,-95.6337989786
1566957990.79,-34.8707813,138.6493864,341,-34.8037049,138.6306857,3.0,-101.465985983
1566957990.83,-34.8707813,138.6493864,90,-34.8037049,138.6306857,3.0,-118.038825036
1566957990.9,-34.8707813,138.6493864,107,-34.8037049,138.6306857,3.0,-98.0228989582
1566957990.95,-34.8707813,138.6493864,161,-34.8037049,138.6306857,3.0,-99.4468621226
1566957991.01,-34.8707813,138.6493864,378,-34.8037049,138.6306857,3.0,-96.0563752642
1566957991.06,-34.8707813,138.6493864,192,-34.8037049,138.6306857,3.0,-99.4756347827
1566957991.11,-34.8707813,138.6493864,129,-34.8037049,138.6306857,3.0,-93.9136154398
1566957991.17,-34.8707813,138.6493864,200,-34.8037049,138.6306857,3.0,-96.4468776507
1566957991.21,-34.8707813,138.6493864,175,-34.8037049,138.6306857,3.0,-119.140884987
1566957991.27,-34.8707813,138.6493864,406,-34.8037049,138.6306857,3.0,-94.2842707544
1566957991.32,-34.8707813,138.6493864,378,-34.8037049,138.6306857,3.0,-96.0563752642
1566957991.36,-34.8707813,138.6493864,166,-34.8037049,138.6306857,3.0,-102.57951146
1566957991.42,-34.8707813,138.6493864,398,-34.8037049,138.6306857,3.0,-93.8536051127
1566957991.46,-34.8707813,138.6493864,341,-34.8037049,138.6306857,3.0,-101.465985983
1566957991.51,-34.8707813,138.6493864,243,-34.8037049,138.6306857,3.0,-96.9455534629
1566957991.56,-34.8707813,138.6493864,-5,-34.8037049,138.6306857,3.0,-108.889193549
1566957991.62,-34.8707813,138.6493864,401,-34.8037049,138.6306857,3.0,-93.9301258502
1566957991.67,-34.8707813,138.6493864,50,-34.8037049,138.6306857,3.0,-94.0408226337
1566957991.71,-34.8707813,138.6493864,418,-34.8037049,138.6306857,3.0,-96.4889889298
1566957991.75,-34.8707813,138.6493864,45,-34.8037049,138.6306857,3.0,-93.8541341936
1566957991.81,-34.8707813,138.6493864,288,-34.8037049,138.6306857,3.0,-96.5215054045
1566957991.87,-34.8707813,138.6493864,271,-34.8037049,138.6306857,3.0,-107.035775568
1566957991.91,-34.8707813,138.6493864,336,-34.8037049,138.6306857,3.0,-98.7248106036
1566957991.95,-34.8707813,138.6493864,220,-34.8037049,138.6306857,3.0,-93.8523924424
1566957992.02,-34.8707813,138.6493864,398,-34.8037049,138.6306857,3.0,-93.8536051127
1566957992.07,-34.8707813,138.6493864,243,-34.8037049,138.6306857,3.0,-96.9455534629
1566957992.13,-34.8707813,138.6493864,101,-34.8037049,138.6306857,3.0,-101.021782712
1566957992.17,-34.8707813,138.6493864,217,-34.8037049,138.6306857,3.0,-93.9239329533
1566957992.22,-34.8707813,138.6493864,152,-34.8037049,138.6306857,3.0,-96.1621170934
1566957992.28,-34.8707813,138.6493864,67,-34.8037049,138.6306857,3.0,-97.11537157
1566957992.33,-34.8707813,138.6493864,200,-34.8037049,138.6306857,3.0,-96.4468776507
1566957992.38,-34.8707813,138.6493864,356,-34.8037049,138.6306857,3.0,-113.463596455
1566957992.43,-34.8707813,138.6493864,220,-34.8037049,138.6306857,3.0,-93.8523924424
1566957992.47,-34.8707813,138.6493864,-11,-34.8037049,138.6306857,3.0,-102.217897696
1566957992.52,-34.8707813,138.6493864,39,-34.8037049,138.6306857,3.0,-93.9957181792
1566957992.57,-34.8707813,138.6493864,378,-34.8037049,138.6306857,3.0,-96.0563752642
1566957992.62,-34.8707813,138.6493864,200,-34.8037049,138.6306857,3.0,-96.4468776507
1566957992.68,-34.8707813,138.6493864,302,-34.8037049,138.6306857,3.0,-94.1165622996
1566957992.72,-34.8707813,138.6493864,5,-34.8037049,138.6306857,3.0,-108.889193549
1566957992.77,-34.8707813,138.6493864,172,-34.8037049,138.6306857,3.0,-109.740987204
1566957992.83,-34.8707813,138.6493864,381,-34.8037049,138.6306857,3.0,-95.3796970994
1566957992.87,-34.8707813,138.6493864,11,-34.8037049,138.6306857,3.0,-102.217897696
1566957992.91,-34.8707813,138.6493864,155,-34.8037049,138.6306857,3.0,-97.029663113
1566957992.98,-34.8707813,138.6493864,406,-34.8037049,138.6306857,3.0,-94.2842707544
