1566957477.14,-34.803706,138.630686,-93,-34.8037049,138.6306857,3.0,-6.73144960024
1566957477.19,-34.803706,138.630686,-280,-34.8037049,138.6306857,3.0,1.82569203061
1566957477.24,-34.803706,138.630686,-54,-34.8037049,138.6306857,3.0,-3.67456754256
1566957477.29,-34.803706,138.630686,32,-34.8037049,138.6306857,3.0,-3.66001028728
1566957477.35,-34.803706,138.630686,-54,-34.8037049,138.6306857,3.0,-3.67456754256
1566957477.4,-34.803706,138.630686,-82,-34.8037049,138.6306857,3.0,-3.67456754256
1566957477.46,-34.803706,138.630686,-186,-34.8037049,138.6306857,3.0,-3.76303929432
1566957477.47,-34.803706,138.630686,19,-34.8037049,138.6306857,3.0,0.0284154921754
1566957477.5,-34.803706,138.630686,-142,-34.8037049,138.6306857,3.0,-3.73333137678
1566957477.55,-34.803706,138.630686,-137,-34.8037049,138.6306857,3.0,-6.79270870081
1566957477.61,-34.803706,138.630686,-186,-34.8037049,138.6306857,3.0,-3.76303929432
1566957477.66,-34.803706,138.630686,-76,-34.8037049,138.6306857,3.0,-3.76303929432
1566957477.7,-34.803706,138.630686,-318,-34.8037049,138.6306857,3.0,-3.85350334088
1566957477.74,-34.803706,138.630686,63,-34.8037049,138.6306857,3.0,0.0381756729749
1566957477.8,-34.803706,138.630686,38,-34.8037049,138.6306857,3.0,1.81931572135
1566957477.85,-34.803706,138.630686,-159,-34.8037049,138.6306857,3.0,1.81931572135
1566957477.91,-34.803706,138.630686,221,-34.8037049,138.6306857,3.0,1.81931572135
1566957477.96,-34.803706,138.630686,157,-34.8037049,138.6306857,3.0,1.81931572135
1566957478.01,-34.803706,138.630686,113,-34.8037049,138.6306857,3.0,1.81931572135
1566957478.07,-34.803706,138.630686,-38,-34.8037049,138.6306857,3.0,1.81931572135
1566957478.13,-34.803706,138.630686,-27,-34.8037049,138.6306857,3.0,1.81931572135
1566957478.18,-34.803706,138.630686,19,-34.8037049,138.6306857,3.0,0.0284154921754
1566957478.23,-34.803706,138.630686,163,-34.8037049,138.6306857,3.0,0.0284154921754
1566957478.29,-34.803706,138.630686,-71,-34.8037049,138.6306857,3.0,0.0284154921754
1566957478.35,-34.803706,138.630686,-171,-34.8037049,138.6306857,3.0,0.0284154921754
1566957478.4,-34.803706,138.630686,201,-34.8037049,138.6306857,3.0,0.0284154921754
1566957478.46,-34.803706,138.630686,-160,-34.8037049,138.6306857,3.0,0.0284154921754
1566957478.51,-34.803706,138.630686,69,-34.8037049,138.6306857,3.0,0.0284154921754
1566957478.58,-34.803706,138.630686,99,-34.8037049,138.6306857,3.0,0.0284154921754
1566957478.63,-34.803706,138.630686,151,-34.8037049,138.6306857,3.0,0.0575808887026
1566957478.69,-34.803706,138.630686,-38,-34.8037049,138.6306857,3.0,0.0575808887026
1566957478.75,-34.803706,138.630686,143,-34.8037049,138.6306857,3.0,0.0575808887026
1566957478.8,-34.803706,138.630686,5,-34.8037049,138.6306857,3.0,0.0575808887026
1566957478.85,-34.803706,138.630686,-105,-34.8037049,138.6306857,3.0,-6.4661953405
1566957478.9,-34.803706,138.630686,118,-34.8037049,138.6306857,3.0,-6.4661953405
1566957478.95,-34.803706,138.630686,-27,-34.8037049,138.6306857,3.0,-6.4661953405
1566957479.01,-34.803706,138.630686,35,-34.8037049,138.6306857,3.0,-6.4661953405
1566957479.07,-34.803706,138.630686,19,-34.8037049,138.6306857,3.0,0.0284154921754
1566957479.12,-34.803706,138.630686,-99,-34.8037049,138.6306857,3.0,1.86265744128
1566957479.17,-34.803706,138.630686,38,-34.8037049,138.6306857,3.0,1.81931572135
1566957479.23,-34.803706,138.630686,-110,-34.8037049,138.6306857,3.0,-21.2474972042
1566957479.28,-34.803706,138.630686,-22,-34.8037049,138.6306857,3.0,-28.2371806955
1566957479.33,-34.803706,138.630686,80,-34.8037049,138.6306857,3.0,-28.2371806955
1566957479.38,-34.803706,138.630686,-72,-34.8037049,138.6306857,3.0,-28.2371806955
1566957479.43,-34.803706,138.630686,144,-34.8037049,138.6306857,3.0,-28.2371806955
1566957479.48,-34.803706,138.630686,-22,-34.8037049,138.6306857,3.0,-28.2371806955
1566957479.53,-34.803706,138.630686,11,-34.8037049,138.6306857,3.0,-28.2371806955
1566957479.57,-34.803706,138.630686,144,-34.8037049,138.6306857,3.0,-28.2371806955
1566957479.63,-34.803706,138.630686,-155,-34.8037049,138.6306857,3.0,-28.2371806955
1566957479.67,-34.803706,138.630686,-66,-34.8037049,138.6306857,3.0,-23.4659736571
1566957479.73,-34.803706,138.630686,113,-34.8037049,138.6306857,3.0,-23.4659736571
1566957479.78,-34.803706,138.630686,-116,-34.8037049,138.6306857,3.0,-23.4659736571
1566957479.84,-34.803706,138.630686,144,-34.8037049,138.6306857,3.0,-23.4659736571
1566957479.87,-34.803706,138.630686,41,-34.8037049,138.6306857,3.0,-23.4659736571
1566957479.93,-34.803706,138.630686,-44,-34.8037049,138.6306857,3.0,-23.4659736571
1566957479.97,-34.803706,138.630686,61,-34.8037049,138.6306857,3.0,-23.4659736571
